# Breakthrough ML model
teacher=replay:data/pg_champdil_champ.jsonl
type=linear
head=value
feature_version=2
feature_count=129
out_scale=900
bias=-1.03665
w0=0.772739
w1=1.74102
w2=1.2884
w3=1.71281
w4=0.392662
w5=0.694963
w6=1.22202
w7=1.59618
w8=0.109561
w9=1.15318
w10=0.678711
w11=0.713632
w12=0.763863
w13=0.626266
w14=0.832624
w15=0.559714
w16=0.949391
w17=1.06548
w18=0.759086
w19=0.882345
w20=0.229596
w21=0.52068
w22=0.351858
w23=0.499937
w24=1.27583
w25=1.69338
w26=0.921634
w27=1.27228
w28=0.954892
w29=0.0367412
w30=0.552804
w31=-1.30045
w32=1.84286
w33=2.13098
w34=1.68045
w35=1.11017
w36=0.949024
w37=1.62039
w38=0.0851266
w39=1.23909
w40=2.91799
w41=2.95342
w42=2.31769
w43=1.69653
w44=1.55361
w45=0.57554
w46=-0.562423
w47=-1.32324
w48=3.92614
w49=1.74631
w50=2.66661
w51=2.93458
w52=1.53219
w53=1.01988
w54=0.556616
w55=-0.118295
w56=-0.0395138
w57=0.0471404
w58=0.00664846
w59=-0.0357845
w60=0.0497833
w61=-0.0313837
w62=-0.0155232
w63=-0.0271172
w64=-0.0095172
w65=-0.0330866
w66=-0.0331202
w67=-0.0216269
w68=-0.0378079
w69=0.0483825
w70=0.049292
w71=0.000895718
w72=-3.94262
w73=-1.47339
w74=-2.82685
w75=-2.46251
w76=-1.65047
w77=-0.926215
w78=1.13711
w79=-0.30903
w80=-2.5925
w81=-2.93455
w82=-2.26172
w83=-1.78953
w84=-0.788906
w85=-0.975995
w86=-1.3626
w87=-1.21091
w88=-1.95181
w89=-1.58825
w90=-1.5495
w91=-1.21077
w92=-1.32994
w93=-1.66266
w94=-1.75766
w95=-0.668181
w96=-1.56021
w97=-1.26887
w98=-1.0326
w99=-1.2011
w100=-0.879653
w101=-0.390152
w102=-1.1475
w103=-1.04543
w104=-1.09327
w105=-0.883006
w106=-1.14893
w107=-0.886729
w108=-0.907207
w109=-0.462148
w110=-0.282059
w111=0.151247
w112=-0.515144
w113=-1.28632
w114=-0.635342
w115=-1.05356
w116=-0.589035
w117=-0.781857
w118=-0.333982
w119=-0.295751
w120=-1.14169
w121=-1.88815
w122=-1.78962
w123=-1.60996
w124=-0.728078
w125=-0.9959
w126=-0.944606
w127=-0.492878
w128=0.444899
