# Breakthrough ML model
teacher=replay:data/mix_champ_replay.jsonl
type=linear
head=value
feature_version=2
feature_count=129
out_scale=900
bias=-0.056702
w0=0.470173
w1=0.586327
w2=1.12694
w3=0.654194
w4=1.08463
w5=0.394611
w6=0.586894
w7=0.815476
w8=-0.686292
w9=0.450362
w10=0.34321
w11=0.712726
w12=1.06309
w13=0.668778
w14=0.411409
w15=-0.145401
w16=0.41956
w17=0.416617
w18=0.171057
w19=0.616831
w20=0.488679
w21=0.71721
w22=0.072403
w23=0.353688
w24=0.662836
w25=0.921775
w26=0.219026
w27=0.770884
w28=0.528238
w29=0.231542
w30=0.34153
w31=0.900892
w32=1.64982
w33=1.01072
w34=1.21178
w35=0.291314
w36=0.929476
w37=0.448418
w38=0.818769
w39=-0.827576
w40=1.31817
w41=2.31536
w42=1.28275
w43=1.75304
w44=0.412
w45=0.532167
w46=0.0387305
w47=0.823387
w48=2.80873
w49=1.47078
w50=1.65013
w51=1.36477
w52=1.5009
w53=1.41385
w54=1.00743
w55=2.04807
w56=-0.0395138
w57=0.0471404
w58=0.00664846
w59=-0.0357845
w60=0.0497833
w61=-0.0313837
w62=-0.0155232
w63=-0.0271172
w64=-0.0095172
w65=-0.0330866
w66=-0.0331202
w67=-0.0216269
w68=-0.0378079
w69=0.0483825
w70=0.049292
w71=0.000895718
w72=-2.32217
w73=-1.02942
w74=-1.75971
w75=-1.42442
w76=-0.910474
w77=-0.985757
w78=-0.737491
w79=-0.997639
w80=-1.54846
w81=-1.92696
w82=-1.05364
w83=-1.42198
w84=0.408589
w85=0.0400566
w86=0.0142568
w87=-0.233051
w88=-1.21166
w89=-1.63135
w90=-1.27244
w91=-0.200803
w92=-0.509514
w93=0.0236395
w94=-0.215504
w95=-0.500998
w96=-1.17259
w97=-0.761632
w98=-0.796628
w99=-0.674659
w100=0.138301
w101=0.089342
w102=0.18647
w103=-0.425417
w104=0.289392
w105=-0.767856
w106=-0.674722
w107=-0.251754
w108=-0.271262
w109=-0.0740808
w110=-0.284624
w111=-0.487013
w112=0.359785
w113=-0.295693
w114=-0.656136
w115=-0.999156
w116=-0.247475
w117=-0.521196
w118=-0.420948
w119=-1.05691
w120=-0.912948
w121=-1.07299
w122=-0.572523
w123=-1.06948
w124=-0.711916
w125=-1.30991
w126=-0.362331
w127=-0.131322
w128=0.14317
