# Breakthrough ML model
teacher=replay:data/pg_bootstrap.jsonl
type=linear
head=value
feature_version=2
feature_count=129
out_scale=900
bias=1.45008
w0=1.19654
w1=0.648094
w2=1.21841
w3=1.19963
w4=0.901515
w5=1.30223
w6=0.387629
w7=0.76354
w8=-0.666764
w9=1.39488
w10=0.474736
w11=0.588647
w12=1.39708
w13=0.654323
w14=0.550922
w15=0.254443
w16=0.436905
w17=0.931411
w18=0.325357
w19=-0.374623
w20=0.66938
w21=-0.503001
w22=-0.062287
w23=0.128234
w24=1.69456
w25=0.830603
w26=0.686567
w27=0.913466
w28=0.376621
w29=0.524602
w30=-0.477832
w31=-0.617995
w32=1.48043
w33=1.70452
w34=1.36914
w35=0.965473
w36=0.573389
w37=1.0436
w38=-0.275179
w39=1.70275
w40=1.68534
w41=1.76794
w42=1.66996
w43=0.903572
w44=1.05878
w45=2.23786
w46=0.736699
w47=-0.650385
w48=2.21487
w49=1.92236
w50=2.40157
w51=1.68273
w52=0.585392
w53=1.22735
w54=0.291428
w55=2.05419
w56=-0.0259423
w57=0.00952025
w58=0.0318842
w59=0.0365047
w60=-0.0163656
w61=-0.0191214
w62=-0.0416715
w63=0.0131245
w64=-0.0467223
w65=-0.0287194
w66=-0.00442366
w67=-0.0433103
w68=0.0146382
w69=0.036993
w70=-0.0288446
w71=0.0456114
w72=-2.10664
w73=-0.898444
w74=-1.22228
w75=-3.29697
w76=-3.42398
w77=-0.54639
w78=-1.36391
w79=-0.344659
w80=-1.35257
w81=-1.68164
w82=-1.68893
w83=-2.21627
w84=-2.02922
w85=-0.843922
w86=0.138109
w87=0.632499
w88=-1.33731
w89=-1.08122
w90=-0.715369
w91=-0.595183
w92=-0.04877
w93=-0.585417
w94=0.0769431
w95=-0.381653
w96=-1.08553
w97=-0.669762
w98=-0.357119
w99=-0.540468
w100=-0.322163
w101=-0.348011
w102=-0.853875
w103=-0.290641
w104=-0.281408
w105=-0.764834
w106=-0.473795
w107=-0.357974
w108=-0.33892
w109=-0.391369
w110=-0.347403
w111=-0.443255
w112=0.293478
w113=-0.965651
w114=-0.472295
w115=-0.712492
w116=-1.94302
w117=-0.518112
w118=-0.437127
w119=-0.581072
w120=-0.645661
w121=-0.746689
w122=-2.37933
w123=-1.42765
w124=-1.41156
w125=-1.27149
w126=-1.19457
w127=-0.291712
w128=-0.0428422
