# Breakthrough ML model
teacher=replay:data/pg_branch.jsonl
type=linear
head=value
feature_version=2
feature_count=129
out_scale=900
bias=2.24334
w0=0.471531
w1=1.91278
w2=-0.00543788
w3=0.669175
w4=-0.97064
w5=-1.27378
w6=-5.64197
w7=-7.55625
w8=3.05287
w9=2.71062
w10=1.02419
w11=-0.506882
w12=-0.483774
w13=-1.80718
w14=-2.68012
w15=-3.54957
w16=2.90002
w17=1.99153
w18=1.16393
w19=0.642719
w20=-0.107556
w21=-0.367403
w22=-1.45066
w23=-0.0570385
w24=1.18641
w25=1.91456
w26=0.918578
w27=0.588983
w28=0.511055
w29=-0.75255
w30=-0.845734
w31=1.14719
w32=2.75288
w33=1.19229
w34=2.16661
w35=0.961066
w36=1.41766
w37=0.815075
w38=0.395785
w39=0.449747
w40=2.587
w41=3.3783
w42=1.55044
w43=0.766998
w44=0.0430441
w45=1.19417
w46=-1.14185
w47=-0.0192536
w48=3.66199
w49=1.75859
w50=2.53492
w51=0.608382
w52=2.53123
w53=1.246
w54=1.29008
w55=0.490468
w56=-0.0395138
w57=0.0471404
w58=0.00664846
w59=-0.0357845
w60=0.0497833
w61=-0.0313837
w62=-0.0155232
w63=-0.0271172
w64=-0.0095172
w65=-0.0330866
w66=-0.0331202
w67=-0.0216269
w68=-0.0378079
w69=0.0483825
w70=0.049292
w71=0.000895718
w72=-2.94168
w73=-0.462341
w74=-2.87985
w75=-1.57631
w76=-1.2106
w77=-0.193191
w78=-1.31564
w79=-0.0152272
w80=-1.67006
w81=-2.78779
w82=-1.37479
w83=-0.895339
w84=-0.499407
w85=0.255195
w86=0.871754
w87=-2.25277
w88=-1.76671
w89=-0.589555
w90=-1.1235
w91=-0.630535
w92=-0.18375
w93=-1.58765
w94=1.06912
w95=-0.986367
w96=-1.17219
w97=-2.05711
w98=-0.427061
w99=-1.17708
w100=0.225699
w101=1.041
w102=0.263518
w103=1.91639
w104=-1.66361
w105=-1.5869
w106=-1.97218
w107=-0.828101
w108=0.671457
w109=0.45562
w110=1.35711
w111=-0.892025
w112=-3.19879
w113=-1.53054
w114=-0.669432
w115=-0.349918
w116=1.46864
w117=2.6199
w118=4.23347
w119=3.59206
w120=1.13034
w121=-1.97143
w122=-1.51542
w123=-1.48692
w124=1.87664
w125=3.10886
w126=2.78969
w127=4.07201
w128=0.0431554
