# Breakthrough ML model
teacher=replay:data/pg_oracle_champ.jsonl
type=linear
head=value
feature_version=2
feature_count=129
out_scale=900
bias=-0.593396
w0=0.987072
w1=1.53274
w2=0.8482
w3=1.10981
w4=0.569014
w5=0.091371
w6=0.852013
w7=0.240089
w8=1.06518
w9=1.09662
w10=1.0853
w11=0.980446
w12=0.266053
w13=0.231725
w14=0.30951
w15=0.386307
w16=1.31145
w17=0.721732
w18=0.848255
w19=1.14187
w20=0.633966
w21=0.792315
w22=0.289743
w23=-0.0274865
w24=0.940786
w25=1.45858
w26=0.9744
w27=1.11429
w28=0.693876
w29=0.568981
w30=0.0708966
w31=0.0856222
w32=1.29609
w33=1.85521
w34=1.32549
w35=1.09891
w36=0.74238
w37=0.506443
w38=0.639799
w39=0.622347
w40=2.30467
w41=2.58302
w42=2.10322
w43=1.59847
w44=0.502816
w45=0.517655
w46=1.04612
w47=0.573708
w48=2.32717
w49=0.697526
w50=1.68387
w51=1.24533
w52=0.757791
w53=1.02094
w54=0.480805
w55=-0.0494226
w56=0.0469207
w57=-0.0152394
w58=-0.0185842
w59=-0.00807062
w60=0.0159291
w61=-0.043646
w62=0.0106281
w63=0.0326441
w64=0.0276879
w65=-0.0374538
w66=0.0381863
w67=5.64592e-05
w68=0.00974609
w69=-0.040228
w70=0.0274255
w71=-0.04382
w72=-2.23672
w73=-0.426366
w74=-1.77193
w75=-0.930806
w76=-0.675687
w77=0.330262
w78=-1.00593
w79=0.38608
w80=-2.17866
w81=-2.38574
w82=-2.18989
w83=-0.686271
w84=-0.698016
w85=-0.488535
w86=-0.473882
w87=-0.602669
w88=-1.82573
w89=-1.68537
w90=-1.60977
w91=-0.830385
w92=-0.475765
w93=-0.837462
w94=-0.536634
w95=-0.513827
w96=-1.14093
w97=-1.18048
w98=-1.06875
w99=-1.00865
w100=-0.297119
w101=-0.128343
w102=0.097262
w103=-0.149154
w104=-1.27083
w105=-1.0591
w106=-0.757777
w107=-1.16234
w108=-0.476579
w109=-0.216344
w110=-0.112148
w111=-0.164315
w112=-1.25926
w113=-1.75748
w114=-0.980665
w115=-0.69455
w116=0.119412
w117=-0.424254
w118=-0.314279
w119=-0.094372
w120=-1.17726
w121=-1.94471
w122=-1.28164
w123=-0.531523
w124=-0.893184
w125=-0.518831
w126=-0.246115
w127=-0.538627
w128=0.215358
