# book v1 (rank.exe bookgen)
# a (line owner): ab(d6,tt,ord,nb200k)@1.learned(s98,5801570e)@1
# b (target):     ab(d6,tt,ord,nb200k)@1.classic(t1,c4,w0,l0)@2
# board boards/board1.txt, max half-moves 60, A-won replays kept 25 of 32 (replay drift vs stored result: 12), entries 519, move conflicts 16
003bd0f1af581cf5 3 2 2
010ed678f39de8c4 0 3 0
0157b9a684506f90 2 6 2
01d7031dd2ac6a33 0 6 1
01e3b4a6c054ab2e 2 5 1
0262cb82fbcccc73 6 1 5
0289327205d8abfa 1 1 2
03e339fcfdf6da9c 1 4 1
041e35048dc2718e 1 5 0
044ef22aee7d8746 2 7 1
057d08e0b30e7e61 5 6 4
06be708c1891656b 1 4 2
07bf214f6dfe10a7 4 3 3
07ca8a2252d13997 4 6 3
08070c16bf8f331b 2 1 1
0944eb7ac6a6089a 1 3 0
098343506d78d280 3 6 2
0a49af60c263b2a5 1 1 0
0a825c6b13b4cf51 3 4 3
0b2cda1650a66dc6 2 4 2
0b73d463fcfabec7 1 3 2
0c0e68cc320048f3 2 0 2
0d2d300747d26c6b 2 3 3
0e3c84f107799cb9 7 6 6
0e940933087d4991 2 4 1
0ebf19ce61163bab 0 3 0
0fe846a78c44e757 2 4 1
10049479f52eb467 3 1 2
1013eae804ad9bc1 0 6 1
1021ded60f28dbd0 5 6 4
11b439a0f58d5407 7 6 6
12455d875c500d45 1 5 2
13df5700c218e398 3 3 2
152af952955ccaca 0 6 0
15725dc53c284faf 6 1 5
15fb5a3833491792 2 4 1
1675781b9b20240d 1 6 2
168e3d091779b281 2 3 1
1691b3c1ad102f44 1 6 0
17253ccb44ea6b5e 6 1 5
173131db302653da 0 2 0
1788917e83408af4 4 1 3
17971d38a9455a4c 5 1 4
17bb51b01af32959 3 6 2
17c81bc769c09f57 6 1 5
182854f7d4af7680 1 1 1
1848bec9c0f7612d 0 7 1
18904888acd97db1 1 5 2
196e47d5c08a990b 5 0 4
197d019777404c72 4 1 3
19c6b547258f9f9b 6 7 5
1a4e79547af4e323 3 6 2
1b4cbac3b207930e 2 4 1
1b7cee422130f1d8 1 3 0
1b8a923e93e1759f 2 4 1
1d10277e3a3f0e13 3 6 2
1d7ec3e1cbdb7bef 3 5 2
1e1b802ebec7cb48 1 2 0
1e5b56a0a38a9f47 4 2 3
1ef0202c8167dc50 2 4 2
1fa8bc8434899496 3 6 2
22523864455aa65b 2 3 1
22ac60bc6f419677 0 4 0
22b07bb70974592c 2 0 2
22c77124d14ef857 1 2 2
2353e25f00288980 3 2 4
236ff71c4f09d288 5 1 4
23b6cec7c6b7c14d 3 5 2
23cf2141f82a16e1 1 2 0
24037ba4f30751ad 4 1 3
24628ea1fbe7f60b 2 6 1
251610aa631a589b 1 5 0
251929d5881eb992 2 7 2
2531bd5ed17ee93c 2 5 2
261f257d1de1b2c9 0 7 1
26660d812ce68a78 1 5 0
26c3a7115a6630e2 6 6 5
278d5ee83e1ff995 0 0 1
27d469c0f31a16d7 0 3 1
27fa6ba594a8bbb9 0 0 1
294cbb219c31ed8f 1 5 1
294cf19dab6f01ce 3 0 2
29b092e653d12a56 4 5 3
29d99d479aafa3fa 5 0 5
2a2530ec311fefd1 3 3 2
2a87808593dd04db 2 2 1
2a88b420be0803ea 1 3 0
2bac0a13f3f5123d 2 3 3
2c35cc99a4b1cd89 4 5 3
2c7a463f8bbe7fdc 4 0 3
2c8a542ad032032f 1 2 1
2cfd1755995bd017 4 3 3
2d46c7b8c52885e9 2 6 1
2d965d04b53292e0 1 2 2
2e0567696090c4b2 4 2 3
2ea2b48ca56bd261 1 2 2
2ecc410da68f867f 1 2 0
2edee0888a0ebf0b 3 1 2
2f55eeb6ce78ba84 0 7 1
2fafe47ee3989e2d 2 6 1
301d6539b9c33c9d 4 1 3
305c01486ba1d9a9 1 6 0
3091fc64f2ff1714 3 4 2
327ec338c420b81b 5 1 4
32fb7db80330c2aa 2 3 2
33383f2e0bcaba0b 2 6 2
335ed5e31e8102f7 2 4 1
33c7ee637ffb60b4 2 5 1
33e9260cd11353ca 6 0 5
3448d931b554ce4d 1 0 0
36eadf399a99df54 2 5 2
3754281d53ae03b0 1 2 1
37824dd4b2903437 0 1 1
37c40cb92a532a20 0 2 1
38502ae3ca602d5e 3 7 2
390939f7a796a1b0 1 0 1
3996039c5b29d997 4 5 3
39a5cd7c7cfae640 3 2 2
39bf06367d6cb0e7 6 7 5
3a1b27e616fb77dc 1 2 1
3ab0aa0f6f299948 4 2 3
3b34c624c86ca119 4 5 3
3c6e1a205ba429d7 1 2 1
3c807ccee5ce1125 2 1 1
3cc82b1af56a3dab 1 1 0
3d4593a420527e16 1 3 0
3d5786311b94abb5 1 3 0
3defef76e295f264 2 4 1
3e351a587e2e1130 0 4 0
3e9992403764dff8 1 4 0
3ed22413d8c4fe31 0 0 1
3f50ed18ab528fd1 1 3 1
3f7532a0d8926253 0 6 1
3fe51123f0b0939f 0 2 0
40300b56254d4b21 2 0 2
417d18b3b46023c7 5 5 4
431d121fda75c7c6 2 4 2
4368e03fe7957438 2 2 1
4430bd72d7074c92 1 2 0
443eb556ab3d2e74 3 3 2
454c88afdb9d3425 2 1 1
457d862610295e42 0 2 1
472628df781c0684 5 0 4
4781f4ef5943643b 3 4 2
48294d0ab0fb96e4 1 5 2
486b94851f7dca99 0 4 0
489f58c5d7104cac 1 3 1
497a534580d9af64 1 4 0
49abed51b099090c 5 1 4
49ec0d6ca3a4d638 3 1 4
4a597a9541e73d93 2 2 2
4afedaff9bc2f312 1 5 2
4b196d15d461c006 3 2 2
4bb667d4b48e027d 2 4 1
4bdb4c88339f140e 2 4 1
4c3457e8e8cdb083 5 6 4
4c7661f4e83aa0b8 2 6 1
4c8bfaf77744bc73 0 2 1
4d46abff4f0f30fd 2 6 1
4d884cf329474726 1 3 0
4de4f675a65f7a73 3 4 2
4e5bba749e72fd74 1 0 2
4f2e66c1e5600b61 3 4 2
50682b64e7ecf906 2 5 1
51a08a9c93aa2f17 1 4 0
52b65710b76b5edb 3 1 2
52d9ff8f72366b12 0 4 1
52da9b5ea7294db3 5 7 4
52e971125d403ad7 0 5 0
52f47cb23801ce8e 0 3 1
548a59f3fd0f3e3f 2 4 1
54ce0f10f64711a6 5 1 4
54de04642d86afe1 3 1 4
54ffe9515ab438d1 5 2 4
562156f337a257f1 2 3 2
566963f7c6c71c77 4 5 3
568aeccf6d5b4fea 2 3 1
56954bc98ead99ca 3 0 2
570f1536e8f74bfd 2 0 2
59b013da65510a3a 1 0 0
59e8d0bf145c16d0 1 3 2
5ac4b5806ca27100 5 0 4
5af2e862f76fbfe4 3 2 4
5af97f226cbb5a7d 2 1 1
5bd3c4bdf40838e0 2 4 2
5c3e47a4c21f3c8d 6 1 5
5c91fe7b790ebab7 1 4 1
5dc1132874780eba 2 2 1
5e9b1ab287656d87 4 1 4
600b5c31e37cb3ae 4 6 3
607f5a8b3e6e3701 4 6 3
60dfc4d60ac988cf 1 5 2
616ac6d4bcd1dfce 2 3 1
61a6b968f502d45c 1 3 0
62a6e9c49415849f 0 4 0
62b6e9123371b43c 1 2 1
630667a43bbdabd0 4 0 3
63da203318e38b46 2 4 1
641a05fcccc332f2 4 1 3
646504d7d5cef0f7 2 7 2
6551b9e80e702ded 1 7 2
66e697098dbb28cb 1 3 0
678e5cc8dc5b1576 2 2 1
68290d49b7502336 2 3 1
682fd79bce4cae9a 7 1 6
68488c8e38dc9749 2 3 1
69b29bc54c1b2909 6 1 5
69ba29ad22fb2d51 0 3 0
69c44b0ae6f20939 3 2 2
6a8347f4e027174f 2 3 1
6ac05672019c9838 3 4 2
6beed201442093fa 1 5 1
6d6cf0c6b5698d85 2 6 1
6df3fc3b7edc680b 1 5 1
6e357aaf167bf7de 4 0 3
6f430fea2f5bd3cb 3 5 2
6f6370391d573bde 5 0 4
6fba979247060ad8 3 2 2
6fbf8897db6aeba7 1 2 2
6fde5acf77c6acd8 2 4 2
70bf19575047ccb3 0 0 1
718d87edf8c8f889 3 2 4
726c75fee30db458 3 5 2
728811af1b1c3120 3 7 2
7461d948354394aa 2 7 1
748fb1c86f15eaf1 3 7 2
7491a6b095888cdc 2 0 1
74ee4eb200551f43 1 2 1
756162f754cd6d4d 3 4 2
758de3d235af9944 2 4 2
762a1e2b36d9366a 2 4 2
76fa6046a8a757a7 0 2 0
77a0d31600273f2f 4 6 3
77ee9ad9fe9b0fcd 0 5 1
78b154d73d6bbb3e 3 3 2
78b612213010c3e9 3 4 2
791cf544409286e2 1 5 0
7b57fc94b7d0715c 5 4 5
7ba2c643d7a63b65 3 7 3
7ccdb39645388c37 4 1 3
7d90c0513520fdfd 3 4 2
7e0e7bfae554fc9f 0 2 1
7e21539d0e4885a8 1 2 0
7f0999189a72cd3b 1 3 1
7fb564d9a9284e01 4 7 3
7fd8aa704adbdd5f 4 1 3
80091982178e122c 0 0 1
80b7920f7be4bb16 0 4 0
812c14848d4ce429 5 6 4
827ac30df386f53c 1 5 1
82d1999ef2865411 2 6 2
83045b7cd8c1e5bd 1 6 2
83d8cbc6e9396f80 1 2 0
84424344ae1fc0cf 0 0 1
85c6c84ccaf7a6d9 2 3 1
868c92e145ae42b5 3 0 2
869675f7e14d9062 4 1 3
87aba14c52ea1bc6 6 1 5
8897aa3fe4c9b182 3 3 2
88bd04776f47a372 0 2 0
893e6b46ebe3c3bc 3 1 2
89d136443218a04b 3 6 2
8a523f41634ee2a8 0 5 1
8a8586a27eb7a111 2 5 1
8b0d06eee32eae7e 1 7 2
8b32990958eb2e19 2 6 2
8b5ea733cb219eb0 1 6 0
8b8060d0f487986e 2 5 1
8bcc06b0bba4edc1 0 2 0
8c2034dff1402d62 0 3 0
8c385e291e392505 2 4 1
8c4d0e971fb9b769 0 2 1
8dfa52d8ff8546bc 4 2 3
8e0d05b9326c95b7 3 6 3
8e235ede34aa58a6 2 0 1
8ec83b606b25a098 4 6 3
8edfa3fd7ec9ab8e 3 7 2
8f4846fed95079ea 1 4 2
904d06cbabe4ec69 2 0 2
90b7d6bdd2c3f2df 5 6 4
90ef7c83096860a3 1 3 2
923d110c073aa706 3 1 2
925e9decf188f21a 1 3 2
94084141344d198e 2 4 1
94955deabbdb4158 2 4 2
949d9063a78184b4 2 3 1
94e1c68bb8fcfe28 4 7 4
951691198c9aabca 4 5 3
953006306b83cab1 5 6 4
9564b7a7e989bcf2 2 3 1
966639c6f479fa4a 4 2 3
976cf6ef6ef13de6 4 2 3
9948898f4164968c 0 3 0
9a3b36ae891c9730 2 7 2
9b1692f97c58ff83 5 0 4
9bdfc980e389f2bc 2 5 1
9c6038975eb5c2c0 2 3 1
9df96c77a098c1d3 5 1 4
9edba554d4563404 4 2 3
9f17c79597abaa05 5 6 4
a017ae28a3e97f82 0 1 1
a01f242b4a530baf 1 4 0
a02819ab908bb469 3 1 2
a02dd9a1307606c8 6 1 5
a03581e9fd343bd1 4 0 5
a05eeea8050850c5 1 5 1
a11b276fa3576a05 3 2 4
a12332e185c69567 4 1 3
a129b075ddae58dc 1 0 2
a12b99361710c10c 0 7 1
a1b5eed7d54a7a5d 1 3 1
a1d7475c80c5c4c6 2 4 1
a1e6750570401cb0 3 2 2
a22df8953cc66982 3 4 2
a2e9d44ff00269f3 3 5 2
a39fe40bf5433092 3 1 2
a4007b3eb23285fd 4 6 3
a4dfbe842a8d8ed2 1 1 1
a545778ad5271f1a 4 1 3
a6119970ec634f0d 2 3 1
a65c2c369449020e 3 1 2
a6a1ecd06aa5b719 1 4 0
a6b344ef03800309 0 4 0
a76ebdffe471cf4f 4 5 3
a79f1ad2e0990087 4 2 3
a8b2250f0bb7372f 2 7 1
a962038f0fe1afb6 0 7 1
aa3f36f3dbf59034 3 4 2
aa78f1a9c0c9e675 1 7 2
aab8c5269b28a097 1 4 0
aaddf299da9c47e3 0 6 1
ab5b7aec3964906b 1 4 0
aba1d61c6c95be4d 1 5 0
aba8bab347201dc7 5 0 4
ac1d7165c8fc67db 3 1 4
ac682363332887d8 3 5 2
ac9ec912ae732948 0 7 1
acb448ca1f0fd082 5 0 4
accb91f200db9811 1 4 0
acd45fee6545996b 2 6 1
ad3b7a093e4f515d 5 1 4
ad8727902c8d6c8c 0 3 1
ae55baea4fef6676 1 2 2
ae77360dfc99ae9c 2 2 1
aea0627335e1fdae 3 7 2
af5c8a61fb7335b2 1 2 1
af8bf8cc9d46af7b 3 4 2
afa0970049160822 1 2 1
b23d1269784d0f7c 1 5 2
b2f60058bcc6024f 2 4 1
b323dbda557645c7 1 3 1
b35b5d560d5bf3ac 1 3 2
b3743aa6d6dc4e75 0 7 1
b3e736494fd1c48a 0 3 1
b427fb44346a6c8e 1 5 0
b43601f3ed4fd721 4 5 3
b446eecacb9f1839 5 1 4
b5dfa87ddac48305 6 5 5
b5efc418f5d2fbfd 5 2 4
b67d41f97b370206 4 6 3
b77a63eab8c46b6c 0 1 1
b7a1712ea64d12ce 4 7 5
b8d05d85dc6b6ecc 2 7 3
b9141dedb8c8f2df 4 2 3
b96a6641a6a040dd 1 6 0
b9b26f74a7e33065 1 4 1
b9f813791ddcd662 0 6 1
ba542d76967500c0 3 5 2
bb414d9d596e36b5 3 6 2
bbb0148c6fbadd21 3 1 2
bbcaedd07bf2159d 1 5 2
bbd8b305faf8f350 1 5 2
bbd8d71c34ae4dbd 2 6 1
bc2ad681d3ce6caf 1 4 0
bc41f57de6740e4e 3 2 4
be3fc0570a7bcf1c 4 7 5
be480084ae2c8a32 2 3 1
bec3d6347c3745e4 3 0 2
bf0dada1dca01c01 6 1 5
bf972a80a46110cb 2 6 1
bfad22cd440f214d 1 3 0
c08a0937eb8fde3e 2 3 1
c0bd7cd103f79b6c 5 7 4
c1bd751d4b3ac91f 4 5 3
c1c201fb8f0b408b 2 1 3
c24a8fbda160f523 0 5 1
c2bee8ffb26192c9 0 3 1
c3227e99054a1104 3 7 2
c334ef8129f7e488 2 7 2
c39e6d810de08762 2 6 1
c3c0a2641223a14f 3 5 3
c41418c2e391c259 4 1 3
c484cabb74cff9bf 1 2 2
c5a879c4006b9e2d 5 6 4
c5e1d74b95fc2eb7 1 3 1
c639b8c9dab524ca 5 7 4
c73957800545211b 0 6 0
c7750988a69eac90 5 2 4
c7fc7693380aa38f 2 2 1
c844a67d46da3bc4 0 4 1
c8e8e61e883ee0c0 1 6 0
c921b3689e2b6110 1 3 1
ca689bb27f31f76a 5 6 4
caf89a557a9a83c8 4 6 3
cb499890ffe26fb7 1 1 1
cbcd6109a1339790 2 7 2
cbd0cc4ddb6a3629 1 3 2
cbde86a7f334c076 1 1 0
cc593155ee27c444 0 3 1
ccb2273e9f47f8e6 0 1 1
ccd231ca29df8cfc 4 0 3
cd756a78cd2f1131 0 1 1
cdc5f2976bc815dd 2 1 1
ce1dc14b51830a23 1 3 1
ce5b013bf28ee57e 0 1 1
ce96353a18b94fb6 2 4 1
d01ee5a607907fbe 0 1 0
d1291f546ab47c07 3 0 2
d15a8812a707cf31 5 6 4
d1d4fabf81eab3ea 3 5 2
d2d45c442db0dec9 3 1 4
d3181c075c6273fa 2 5 1
d337e23695131b58 1 7 1
d3f188f7ee813db9 2 5 3
d4045ae06d2f2f95 4 3 3
d4fc4b9fea47db23 3 7 2
d53655f72bdd830b 2 3 2
d53db33a4585967f 5 6 4
d5dfcfe7c87f624c 1 3 0
d655a574e34e772c 3 0 3
d65b5e7f742a49ce 3 7 3
d66f1babf6a97ffb 0 2 1
d73c4c4796043329 2 4 1
d751e586afc6147f 1 6 2
d7ac31d74b027643 2 0 1
d7eb744d225503f8 5 0 5
d82d7e80538af212 0 5 1
d86a8ca39296a060 1 1 0
d8b6f0a8ebaa5d88 1 2 1
d8f9a384e3456286 1 1 2
d9017c738114f078 1 5 1
d9528c3430a87358 0 3 1
d982fc225c961f03 2 5 2
da2c918d7e884ae2 2 2 2
da3fc9dafd060a6a 4 1 4
db24ae233aea8f43 1 4 1
dbf533174191dc68 2 0 1
ddbb6e38c3f9ebfd 5 0 4
ddd548440b06d8b4 4 2 3
de1018ec795ae452 3 3 2
de37c867f2736e03 3 5 2
debcdbcedfdfd992 2 0 1
dfe033e7a2e9b289 4 6 3
e0089e2b70476714 2 1 1
e04593edb0a94eb9 5 2 4
e16ea758bcb069dd 1 4 0
e1a5f7cf44a35f7b 2 5 3
e20ec3ee917d4978 3 0 2
e21060e4c78441f9 4 0 3
e2ddbe6e4e2ab2bc 1 4 0
e34accf40da329ae 6 7 5
e3b7d06f5ec44b85 3 5 2
e5531ca041d90ba2 5 7 4
e5688db50fc00150 5 1 4
e59de5173041654b 1 2 0
e6b41cf7ba4dea7f 0 3 0
e6f3f4465e683964 1 4 0
e732a9e71d4e4ee1 2 3 1
e82ec050fc70aa9b 3 6 2
e8366b41023efcb2 5 6 4
e8dd5f66f7e67161 3 3 2
ea9bfd848f85ccb1 1 4 1
eaa3bd5605b4751a 1 4 1
eaacfae535d8a732 3 3 2
ebe3db2c0ef88564 1 6 0
ec89b2ff711a5e5b 0 4 0
ee50a09566215f75 0 3 1
ef02b73f25dc73d6 1 4 0
ef2c360e70b58b0a 1 1 1
ef73ea5887bd556d 2 6 1
ef95e8192bacc13b 3 3 2
f03bfdd173916ae9 4 2 3
f0cf554b57f395c4 1 4 0
f0d7afdb4565f9a0 1 5 0
f202e84c25198f61 4 6 3
f2809418b68e082e 0 6 0
f2892603de6e5bf6 1 5 2
f2bc2a9452011072 5 6 4
f2bed51aa2ef2028 6 7 5
f3658f03d730844b 4 2 3
f4005e387e2181f8 3 3 2
f4370fc744a426ef 3 6 4
f48204f305a1dfbe 0 6 0
f4d3fe42c3b88c69 0 5 1
f4d774568e33b013 2 5 2
f5373d10397e82dd 7 0 6
f67a601592e27ae5 4 0 3
f708faab0264e726 2 4 1
f717957fb5d47f7b 1 5 2
f8b6163cc30c3e80 3 6 2
f960fee6b011c586 1 2 0
f9879b849ee2f7d3 0 7 1
fa73d549bdb31d05 4 7 5
fa972b21b913133c 4 1 3
fb297fdd9f2cb717 4 1 3
fb2af72edf0ef762 3 0 2
fbb7c29ea1eea18d 6 1 5
fc4e747705fd169a 2 4 2
fc941866a76bb70f 3 5 2
fc9dabe936509b45 4 6 3
fd1b169ee4223f41 0 3 1
fd93b2b66ff521e2 3 3 2
fda623e7fa0606d6 1 6 0
fe095bbffa04729e 0 0 0
fe9bd222f5a2a19f 3 3 2
ff303af7e7e7264f 2 0 2
ff7df9265250b4a9 2 4 1
ff81f2c521e40879 1 5 2
ffc44ddd8f089ada 3 1 2
