# rank.exe refute -- refutation book, one entry per position where the
# book-wearer moves. Lines carry the full continuation to the win, so the
# wearer's own brain is never consulted on a covered line.
# oracle=ab(deep=8,tt,ord,nodes=2m)@3.classic(chip=100)@2
# board=boards/board1.txt	roster=ranking/roster_refute_snapshot.txt
# targets=210	solved=203
# wear it as: ab(deep=8,tt,ord,nodes=2m)@3.classic(chip=100)@2.opener(book,book=26)@1
0009f31c8e056347 0 2 0
0019a461c2a4a6e8 2 5 2
0035cdd0ef2e5203 5 3 6
004fc04703153a69 4 3 3
007d017ea902c551 3 4 4
008528ecb3207a1b 1 4 2
009445b4c4e8027a 3 4 2
00aa3a37b5d57d97 4 0 3
00c2176c90905558 0 7 1
00d5e92c66475ae2 5 4 4
00ddfe0676db441e 0 2 1
00e2b93390d0ce6a 0 4 0
00eace18b3b1d339 1 3 0
00eb6527f776f09f 1 3 0
00f0b89134ded686 4 3 5
013b1d6a335ac6ad 2 5 1
0162ff0b79efb304 2 3 1
016a2a6aa2eb7ad2 1 4 0
0181cb5eaf3c7ad3 4 2 5
0185f4a7ff287c00 4 6 3
0199f28e340edf5b 2 3 1
01bec9282d6fee3d 1 4 0
01ce96ace938dbef 1 2 0
01cea9b81a832d6a 2 5 1
01ea1b0d8516de07 1 3 0
01f02c29e5afa19c 3 1 2
01f835dce3d5ffb1 4 3 3
0225ddc2338e7583 3 4 2
0233618a12025195 7 3 7
025c71807a0e7996 4 4 4
02604b9ca8f1ab0e 5 1 6
026d2b8c3f84bb84 0 5 1
0272783a383a6496 6 3 5
029d67fc060d7d72 1 2 2
02ba1c8c42a5a1ed 3 2 3
02f11e5fadc1064d 1 5 0
0330531e3bba7898 4 3 3
0335138cbde392ec 5 4 4
033aa8ca77f3cbae 6 3 7
035ca929d51755b5 5 6 4
0387c9ea99ad153a 1 5 2
03a40741e2131450 2 2 2
03c2bc1e6a3d5c75 1 1 0
03c7c99bcf9c2195 1 5 0
03ccd05771662d95 5 6 4
03edb911832c6d8f 0 3 1
03ee890012e12418 3 5 4
03f6dff417fc14cc 5 4 6
03fa1bfcb87cec1e 2 1 3
041e7a5383a0b96c 1 4 2
0439173baa2cfeb0 4 3 5
0448cc92e436a42d 0 3 1
044e9681cadf0859 5 5 5
04784ea83013ffa7 2 1 1
047a501bd3d7e994 3 0 3
047af9c9b276d8b3 3 5 2
047f98e2b4bee165 5 1 4
04980f82163ece89 1 2 0
04b456ba4aeaf6f5 4 3 5
04ba2e89d0b92d67 1 5 0
04c98406d878d5c7 4 3 3
04d6c5e40a5c9f89 0 0 1
04dfa9764a251f4b 4 3 4
04e012acc40ffdde 6 5 5
04f6cd6d7c93f3dc 1 2 2
050bbfa9a2038309 2 5 1
05132b02b98c0281 4 5 5
0524bd3827afd8b9 2 2 1
0526eea2712b8373 1 5 0
05321d1f2ed4d4be 1 7 2
05393b8de0d92b1f 1 5 2
053f4b0ed6daca97 0 0 1
0561cdbcae18cd46 1 2 2
057d08e0b30e7e61 0 6 1
05917ef7aa1b7378 0 3 1
05d1a89db03a796c 2 4 2
05d72f165b7feb9e 6 2 5
05da0567e4549f7d 3 6 4
05f31953f4ebe0bd 5 4 6
05faad1eb5b99ebb 4 3 5
0600dba37df285a4 1 1 0
0605926421fbd665 0 6 1
061c91f954e1c663 1 5 2
06246cd60de861f0 2 4 1
062cf16d910be898 1 5 0
06410d331f9a5505 0 0 1
065cfdf4b4e3975e 1 4 0
0667453f1c742f20 3 5 2
066eed9933d236cd 4 2 4
0670b342396979ae 1 4 0
0677914d0c54adfc 0 5 1
068636d981da47dc 2 4 3
06ac1edfabb56e59 0 4 0
06b18610b1292120 5 2 4
06d2df3041fa1c15 1 4 0
06d904ad5c1d734f 5 6 4
06e1212b04748a99 4 3 3
06eeea143d40e916 4 4 5
06efb504aca82c25 5 5 4
06fc4b05af877b29 4 2 3
06ffe9f30ba7582d 4 2 5
07285df2790af071 0 3 1
072bc95f294c6174 0 1 1
073857c6b2fdc55d 2 1 1
07398cbaa045fd46 1 3 1
07488729a6efef1f 2 3 3
07719810fc680b3a 2 1 1
077b6793768df594 2 2 1
077df5bbbe476e35 1 6 0
07886fa6e0d096ea 0 4 1
0789d2d7140e1ef3 1 1 0
078e938f1ea32aa6 1 3 2
078faf88ad634ff8 3 4 4
0791a793df2699bc 1 7 2
07b8986d5b3f458f 3 4 4
07c252a1eaaf21f7 1 5 0
07c917f632ecd998 6 2 7
07d66a212ccc352e 1 5 0
07db1015422245af 1 4 0
07e2237a1d488ab8 4 6 3
080001301d401fdf 1 5 0
0821869c4f3e3d22 0 7 1
08320c770a99491c 3 5 4
0835e795635aa2a2 2 1 1
08653df8b8982633 5 6 4
086e979839ea7e73 1 7 0
08715fa21148d421 0 4 1
0876a17d4835e671 2 4 1
0883858cf72f0ab7 1 4 2
0883f0c5cf05ffdc 3 5 2
088f7e0ec24eedab 0 3 1
08ad7e26478bfec2 1 5 0
08cc4d579520ded4 2 3 3
08eabe4cc6a1d8be 3 1 2
08ef935d4b490e47 2 5 1
08f922edcad8647f 3 0 2
090c75ea4e8d3525 6 2 5
090e5e33cdca5232 5 7 6
09123623c33ffbeb 3 2 4
0912492207e1e84d 0 4 0
092bf35670cc5b48 0 3 0
09304dababf2a952 1 3 0
097a1d15505b8005 0 5 0
0986a1d37e47e7db 2 4 1
099e7e4e177af506 3 2 2
09ab1624e7c6bdb3 1 6 0
09b7b9725f3aaa29 1 5 1
09c53d95a011e2bc 2 2 1
09c834cc66d41539 1 3 0
09cba1048ab147ad 2 4 1
09ec75377ef48385 5 2 4
0a0713fcdd63dd36 2 2 3
0a0ffc9ffb3daea0 1 5 0
0a249d15b5c3a2c5 6 1 5
0a27db28b8fa6a51 4 7 3
0a3c5bf5b5a78f92 2 7 1
0a4b2d44fe8922e2 1 2 0
0a5e577ec53105af 7 6 6
0a5ef7ad8790ba22 1 2 2
0a774f7812f68f97 4 1 3
0a845d85d4e06bd5 3 6 2
0a8ea48d3c3a9e7d 0 0 1
0acb09ae16bc4db6 5 1 6
0af1aea9579f1525 2 3 1
0af3c0c15d8971d9 1 1 0
0af94c10bce0a3ad 0 4 0
0b467f412bb98808 3 2 2
0b7c2163b367a0d3 5 6 4
0bb9e9f6be164101 4 5 5
0be135a756d92599 3 6 2
0be3c4084015a938 2 3 3
0beb09f42d25dd36 0 1 1
0bfada15b8a447ec 1 5 0
0c11afd899be951a 1 4 0
0c124325d5b2319e 0 5 1
0c15b3444c60a0f2 6 2 7
0c2b1cd0388a1e86 0 5 0
0c45cc5c7889d55a 3 5 4
0c4d09840d492ecd 2 6 1
0c84bcdc7082676b 3 4 2
0c8922f9a9525568 1 7 0
0c8e4aa9cbb37400 0 7 1
0c935cf3d801f01b 1 1 0
0cb172dd6df2b6a7 1 5 1
0cbc8d938b112a97 3 5 2
0cce07de99134b61 2 6 1
0cdcedb2df6cb543 1 5 0
0ce209695ab871e4 1 2 1
0cf3a500a17bd178 4 4 3
0cf49acedc1ef130 1 5 0
0cf7e4c098d98eaf 7 2 6
0d0373ff8a0fe6d4 0 3 1
0d1aa5a28ceb6e62 1 5 0
0d243a07e2cb1805 6 1 5
0d32a2997624941d 3 1 2
0d69a43238be840b 3 0 2
0d779f103dbdf20e 4 4 5
0d8736ae710f951a 6 2 7
0d89e7b26d647c3c 0 3 1
0daa8bee00e3b11e 2 2 1
0dacd2a414fb39aa 6 2 5
0db79724ab507f31 3 2 4
0db977a1bed8ef73 1 7 2
0dc0fd46805dd3f7 6 2 5
0dd92619ce418990 6 1 5
0deab42dd5eafa59 3 3 2
0deb8d9d9e18e7ae 1 0 2
0e1c31fb53604fde 2 4 1
0e5276e210d4d309 5 1 4
0e5e1f97ec2b7dc7 1 5 0
0e5ee1a7e02660c4 2 2 2
0e648b7485619387 2 1 1
0e8f8f78c3e354bd 3 4 2
0ea0ca1e897eebdb 6 3 5
0ebe32dabd731c0c 3 5 2
0ed22984e21afd80 4 2 3
0ed95b785154ac4b 0 4 1
0f247276ac15e760 2 4 1
0f334bd6e44c5376 5 5 5
0f62169de8d252f5 2 1 1
0f8c5f3ce91f573b 7 4 6
0f911f37dff8dac9 2 6 3
0f96744a6d45b933 2 2 1
0fbf034ea83409d2 3 2 2
0fd36d0325f0d6d3 3 3 2
0fffbaa39f74f592 3 4 2
10299539b32914f8 2 6 1
103159e39eb30ead 6 4 5
103b485db977607b 4 2 4
103e5dba18d1ce5a 1 2 0
10488470779612fc 1 3 2
1070c519c3a80da9 3 6 2
108f79c3e2373676 2 1 1
109c88c155af3d42 1 3 2
109d86de74a1ba5b 4 5 5
10a237f6ff202b66 4 4 3
10a7a24d13b1f6c8 3 5 2
10d532f71d916668 4 1 3
10eb029a958478b9 2 4 1
1101ebea2383f6cd 5 2 4
1119ff5a57aeffd3 5 1 4
113fae659d710f6c 2 6 1
11552666fbadcfb6 0 0 1
1166c6437dd408dc 0 5 1
1169896e9ecb18a1 2 0 3
116caafaf0c22906 2 1 1
1170c1921e078c33 1 3 0
11994cea8cec2850 3 6 2
11a2182bb16d3382 1 5 2
11e5c20e2bd91263 2 6 1
11e73452c3d1027b 3 7 2
11fe5e4f7fa8aa57 2 0 1
12381076d0540e34 4 7 3
12588b1ac40d53e0 4 1 3
126c4e17fdec28bb 3 3 4
12a207e7340c2937 1 5 0
12a21f8a0cd51145 1 3 2
12f024ec31f05e3b 1 6 0
12f9a63f16d9bde4 0 5 0
12feb57cb3c443df 1 5 0
1312d080abce342f 4 2 5
131b7562fc94e583 1 7 0
1347b3beafc4d550 1 3 0
135dcf92ebaffb64 1 4 0
137baa93c3cc0edf 1 3 0
13943c6107baa41b 0 4 1
139a6adda77f2abf 1 7 2
13be09ac23c11548 4 1 3
13c422937cf40f4a 4 5 3
13e5770dfd0c1c53 5 6 4
13f6bff981cce951 1 3 0
1407af05b841a9d1 1 3 0
140922578e91e5e6 0 2 1
14231d9267f1c2c5 3 3 3
142f302965624007 3 5 2
143d4958ee82f378 2 1 1
14488bd0ad4dca6d 7 1 6
144c8912b87f8c7f 1 3 1
14566eeb70a47ef0 2 4 3
147e6dd5abfceec7 2 2 1
14808f8e644301c4 1 2 1
148c29a243df85ad 4 4 3
148d6f168e6a7c34 0 0 1
148ef4c3ea1cff71 0 3 0
14a407851e4a73ad 5 6 4
14aa962c68282f52 0 7 1
14cd638d71ee79de 3 7 4
14ecacfd7da94c48 1 7 0
150428d78bec015d 5 1 4
150a9f6f2c39ae4b 7 1 6
150ba0dcb6a23aea 0 3 0
15172612c4d0df67 0 2 1
1537a485bad9703b 2 3 1
15421d7b010c5f7d 0 2 1
15586ef1beaa47ee 1 3 0
1576a319a9d21c98 5 1 4
157775b3703de415 5 1 4
158437b1e6554ae1 1 6 0
15960c7487f120bb 3 3 2
1598a4bb7d2fd8cf 2 0 1
15a4ead0d3e503f4 3 5 4
15bdabc518839e72 2 2 1
15cc948c11f1ccbb 3 5 2
15d542f1b599b477 4 1 3
15db9f2bc14446f4 1 3 1
16007b4b1ac9cae1 6 2 5
161c17b1bfbeb338 2 1 1
1638b0f2df8ea424 2 4 3
16567588c5742ee1 1 3 2
16576d053da681a2 1 5 0
16620c814a732c43 6 5 7
1672de30553c9ed6 4 4 3
1676fbace3cb4b6a 2 2 1
168ef5b51352b849 5 5 4
169caebeb7c41388 1 1 0
169fc2104bd63f47 0 6 1
16b7804c3830eb97 6 6 5
16c70856972efdbf 4 3 3
16db8be3ff2ebf59 4 4 3
16e961bf1a5eacbf 1 2 0
16ff5c34f7f5401a 0 3 0
17010f0e367a8e7a 2 6 1
17015c7df5663b02 1 3 2
1726f67afb870c05 3 4 3
1730b4b0077234aa 1 4 2
1731b5d59a1f2469 2 4 2
1751cbcad895c088 2 1 1
1753ee66ec4eccc3 3 6 4
17597756e8ced9df 1 5 0
175ad1f4b4939f53 5 1 4
1788917e83408af4 1 1 0
178be32f92b02068 5 5 4
17b754673b048724 1 6 2
17d9bdcec5da2cf4 1 2 0
17e72dff3c84a55b 2 4 1
181858588508c4b1 0 1 1
1832b903d5015510 0 5 0
18366b28557568f2 3 6 2
184012ad1532ce17 0 4 1
185c7d375b4ff645 1 2 2
186939aceaa5786b 5 6 6
1878438164248d92 4 0 3
187e4089b58b21bc 0 3 1
1883b7e4d8bb0c9a 0 5 1
188a6c571dc86ce6 0 3 1
188b35225a70bdb5 1 5 0
188d99ae164cdb3d 2 6 1
18bcee59678c0895 1 3 0
18c066b299992906 0 2 1
18d08591c92449d9 5 2 4
18e9f364d0750c02 1 3 1
1905217ecaf4eca3 5 3 4
191cd77d5e9bf564 2 6 1
191ea92227a1b4e0 0 3 0
19250d3f68ea48bb 0 5 1
1932a0ad7919aea5 0 5 1
198caf3fe474057a 3 3 3
19ad9f81fa746fef 3 2 2
19b9c7f714de3451 1 3 2
19ba6f1faee326d2 3 6 2
19c70fde90a91c81 0 4 0
1a18510a09d6c2ca 5 5 6
1a19be9ec249a6b3 5 6 4
1a2d792356f289e8 1 5 2
1a369db1ca090d07 5 0 4
1a427bdf09376f50 4 2 3
1a529cec876edd02 0 5 0
1a72e01f8cb141ba 2 0 1
1a81c88dd244bd37 4 0 3
1a950247a0cc662e 4 3 5
1aa1de1e90396c9e 0 4 0
1aad070457f24765 6 2 5
1aad802426882f6b 3 3 2
1ab6676f4e07f978 1 3 0
1ab69dffa70e7445 1 3 0
1ac0cce39e76d836 0 2 1
1ac43d2f9603aa05 6 0 5
1ac498499abb9606 5 1 4
1ac51fb1ef765b37 1 5 0
1ad297e68338ab34 3 3 2
1aeddd4b47762ecf 4 5 3
1b140db3df13e383 2 2 1
1b28c676a186a89c 3 1 2
1b3d2a84456199c3 1 3 0
1b3eb2c924030212 5 1 4
1b5608844e58b630 1 5 1
1b6c24cab97dcbd5 2 3 1
1b783e11ba5ec42b 5 1 4
1b7e916e1ea85864 4 5 3
1b7f9f32b5c08335 2 0 1
1b8e1ab6e9b27842 5 6 4
1b9825508b0b049c 3 5 2
1bbd86c3b4a8fe3e 5 5 4
1c32635190de6069 1 3 2
1c60da59cce2e283 2 5 1
1c84ac1ba8cf1924 3 5 4
1c871a85cb01cfe7 4 5 3
1ca37883a374f35a 1 5 2
1ca865a3735b9191 4 4 3
1caaec095faef591 3 5 2
1ce1add018ecf7b8 2 7 1
1cffd44161ac96c6 3 4 3
1d06f44e7518d1ac 1 5 2
1d0e00ee1e62aca7 3 3 2
1d260c725302df71 1 3 0
1d4289919e922518 0 5 1
1d5547d547cc70be 1 2 0
1d6152a86e94893f 1 5 0
1d9071030c9f1a43 3 1 2
1d9d856a234365c8 5 5 5
1da5817661fd1c9f 6 7 5
1dba4bd23369d912 0 2 1
1dc8619ff78a3121 5 7 4
1dd482d626562b43 2 5 2
1ddfc8ea4b729973 1 5 0
1deb9e2f86a751a4 0 7 1
1defd2899c4f2510 0 5 1
1e0045c45104025b 1 6 0
1e024a6f3bf70666 2 5 3
1e267b386ddc3ce2 0 0 1
1e586b442564247b 1 5 1
1e6f4a60192e0ae3 2 2 1
1e7112bd4d801e7f 3 6 4
1e71f5d845b9948b 3 1 4
1e75549e98110c5b 7 4 6
1e8b519b13df7ced 0 5 1
1e9fa7b03a9cc83d 4 5 3
1ecfdec5befc4e8b 0 5 1
1edc304a9fa3325f 6 1 5
1ef1a64af508a610 0 4 0
1ef81047f70eb0ad 3 4 2
1f3d11a6410019d3 1 3 0
1f5da0c88dd04e74 1 2 0
1f6de35afbb7a587 4 7 3
1f78580f876f1da0 1 5 2
1f7cac274f011d40 2 3 1
1f9a5420167060d3 0 5 1
1f9f0b04a6fb4298 6 3 5
1fd674a77835f744 2 6 1
1ff3fc588722793b 4 5 5
1ffddc1fb0383086 1 2 1
201a67ab684ba4ef 2 2 3
2030d2bdfce9f32f 0 4 1
203b3b7ce64aa9b0 4 4 3
205ca6d026cd6a1d 0 4 1
20646a8ecb291275 4 3 3
2074eba428fbd4ca 3 0 2
2092a8d87225c178 4 2 3
20b9ec2a6fffabd4 2 6 1
20c8cee4c4fc9c90 1 3 0
20ebaf9c4e0e5307 4 7 3
20f0e5d928d11eab 7 2 6
20f72c30c5f87cdd 3 4 4
2117965a9b0f7b9e 0 3 1
212103062e34b69a 2 0 1
2128e26fbce62905 5 4 6
212adaf5297bd517 1 4 0
2139bba924788ecf 4 4 3
213eafd0a86d1bd2 4 1 3
2148516662c955af 5 4 4
2159d5045669cce3 0 4 1
217a346040ddf239 2 6 1
218fe15aa06f7c8a 4 5 4
2196e14b9db33f3d 0 4 0
21ab73827be66435 6 3 6
21b36d420bf6484a 3 2 4
21d2120f1759bef7 5 6 4
21e7925ae87c0854 0 4 0
21e8e576a0db1e16 3 6 2
21f307e3286dd060 6 6 5
2204a63a07f7b1a5 1 4 2
2206e57a7bea01b6 2 5 2
221a33ca0cf50dd0 5 4 6
2240561eb08c8e09 4 6 3
225a029cb84bd823 2 2 1
227d2e4096dceb24 5 1 4
2287c3dbeae1275a 3 7 2
229952edf68e2405 0 3 1
22ab32a7952fcf5d 5 5 4
22af220f3120d6f2 5 6 6
22b050bb4340c5d5 0 2 1
22c3e4f5bf2472ad 4 3 4
22c833e589745565 1 2 0
22cc984517a7c66a 1 4 1
22db83809e14b859 4 1 3
22e65fa44e2161f9 1 5 0
22f422661ef2c17d 4 2 3
23031164954cb64f 4 6 3
23444844cb726a8e 2 5 2
2349db6f6116635c 1 4 1
2352bcf79a8fb57d 1 3 1
235bc3d790c3c82d 6 4 6
23918aa1775973ef 0 3 0
2399301e090ef853 1 3 2
23994984ad4ed129 4 6 3
23a5d87f44abd9b3 1 2 2
23b8a9130d8a84da 3 1 2
23bc5b754067316a 0 5 1
23c18b406d0a41aa 5 0 6
23c301bb687684b0 5 3 4
23d6bc56ef1313cd 0 3 0
23efa7c61bf677d5 4 7 3
2421a9898bec0409 7 5 6
2422105bb639c143 0 5 1
24266062ef2a3930 0 3 1
247354bf92901459 2 3 3
24877804f81908dd 5 1 4
24a22e06d160a4e2 0 2 1
24bac07971ad1570 4 5 4
24e43fd01c0c02c4 6 4 5
24fdba0f0ae43b8d 5 6 4
250820a5b67839ec 3 4 2
251ab94caf51ad98 0 0 1
2546e9223532e7cc 1 2 2
25498c8ab22bad10 1 4 2
25667520a8358568 0 4 1
2586935457740f15 2 4 1
258a66d13f2ac302 1 2 0
25975735581bc678 4 1 3
259fef5816202572 2 4 1
25a5d6430b0f5d21 1 7 0
25c40445f203f6fd 1 5 0
25e5521114e956a7 5 1 4
2613a1facc852da7 0 3 1
26151a8aad75dae1 1 4 0
26184dbc98e1e821 0 4 1
261976052d3fad62 1 5 0
263160e129457d37 0 3 1
264dac64a8444f30 6 1 5
265358396e21dd22 1 3 2
26987002ee7aff90 2 6 1
269ca2cb068e6b20 2 5 2
26a04cb3227b9cd9 4 2 4
26ad0f4f427e1dcf 0 2 0
26cb5f56cce11dd8 1 0 0
26e41736e1d43d73 1 1 0
26e662d7227c2521 1 3 0
26f66873126daeee 4 0 3
2701a04bb1fca8e1 2 0 3
2701d65ea1394028 0 5 1
27032b184fae6dca 1 4 2
2717bbee94075c48 4 2 5
273fe04b1353817d 3 1 4
275a179662236d82 4 6 3
275d08c887407152 3 1 2
27770b8d4c2abf6d 5 6 4
279914aeab3ca9d3 2 2 3
27eb4191c63bd4da 1 6 0
28109e95e5d268b1 0 4 1
2811cd971c4c5abd 3 6 2
2826ba17155569eb 1 1 2
283956f34c962855 2 3 1
283a743c39745dfe 1 3 2
285a4357808e302c 4 5 5
2868ba09781cda2c 4 5 3
2876370abe2e84a6 6 3 6
2897231188cbf4dd 1 4 0
289ca59f0028e296 2 1 1
28b89370e8c605d5 1 2 0
28b8a62717c1ded4 1 2 2
28cdb5b8b4512eae 1 1 0
28dc0b65a8f54794 1 1 0
28e066b15264ac2e 5 2 4
28f9989d68e01e4b 4 3 3
28fea1441159bcc1 2 3 2
2908e5024de742d5 0 1 1
290a3a0b411b6739 0 5 1
290c5abe3405a53d 0 4 0
2951e2ec673273cf 1 1 0
29605b0a12069579 1 4 2
29991ce7a970cdb6 1 2 1
29b93a1d641654eb 3 3 4
29ecc3093f925e6e 7 3 6
2a13d488df008282 1 6 0
2a1b93173e353f8c 2 2 1
2a2462987f0d12dd 4 3 3
2a323e14dca99c0c 0 3 0
2a32c4d9d4ec8793 1 5 0
2a33f6b834967192 4 3 5
2a47264f90994b07 4 6 3
2a52220edc67d8f9 2 7 1
2a52d4bd7348400d 0 6 1
2a5660af40cb44e6 5 1 4
2a571cf06eabfdca 4 4 5
2a914be0654f26e8 6 1 7
2aa4edaeebf7fc4d 5 2 6
2ab56cf46eb01241 3 5 2
2abb19ac03c77585 3 5 2
2ac6ad0a85c0e39f 2 0 1
2add0ab64e247577 0 5 1
2ade8ad9b2c5e4c3 5 1 4
2ae338f49512b01a 5 6 4
2af4142e73358508 4 5 5
2b214f730533b0ce 5 4 5
2b23f1baf2e573a6 7 1 6
2b2b0de532da31e2 1 1 2
2b2cf790c6f81797 1 4 2
2b2da4c0477f9bc3 3 6 2
2b31a21068ae8e1d 3 1 2
2b624960a55b2321 1 3 0
2b6cfefaf3ae90a4 2 5 3
2b71470ea1f94227 0 5 1
2b7ed2a1aa46e263 0 4 1
2b93b501bc0ad6c4 1 1 0
2bf09c1d7d9fa473 0 5 0
2bfac6c57373a63c 3 4 2
2c13ea1e283d8e1f 1 1 0
2c17df6c74d65422 1 5 0
2c2375034834bbb8 0 5 1
2c2454862191e983 1 1 0
2c33f24a87f035e1 0 4 1
2c5f5e0c1855b3e6 0 5 1
2c7b3bb093e65922 0 4 0
2c8e79417aacb34b 5 0 5
2c93bb93f1ae6ec5 3 2 2
2c98d8ec108f1afd 1 4 0
2cb59dd1b754e806 5 6 4
2cdb8a3383a77345 1 3 0
2ce7e7420c3a32fc 4 5 4
2d1dd1ce223c03e4 6 6 5
2d3288f531a2f238 4 3 5
2d4477f326a45831 2 4 3
2d50e1237e9afc64 5 4 5
2d58395a5b8dd95d 3 6 2
2d65a03e1b5c2dd3 2 1 1
2d7067ea799fa1e9 3 7 2
2d777f9c562b631a 6 4 5
2d7e674d19b75d69 1 6 0
2d7edd706b27a3e4 0 3 1
2d880915e4dbb5e6 3 3 4
2d987de42af261bb 1 4 0
2d99c4fd3827749c 2 3 3
2dc28c0d5e247d18 0 4 1
2dc5f9f9554a5e2e 3 0 4
2df3a48b730aafa3 1 4 0
2dfd7594cf535c5b 0 4 1
2e152917b6f7c648 1 2 1
2e2155af232ca5eb 2 5 1
2e278d42b7546471 3 6 2
2e29806ec87c17fa 0 6 1
2e35401d3156103b 1 2 2
2e3db42bd6c93085 5 4 6
2e400a2a5dd8a557 4 3 3
2e521ed033612c80 2 6 1
2e5d3f03867740e9 1 4 0
2e66f85336daa248 1 6 0
2e67db1d72a7d4ab 4 1 3
2e7951819c63786f 1 5 0
2e83ea6c6aae297f 4 2 3
2e854b518bcb0ed9 3 4 2
2e8a421b1d902e85 2 6 3
2ea6435f0ddd2c48 4 3 4
2edcd31e2695325b 2 4 1
2ef9fc10f8d0c58f 1 3 2
2f12726d7689c515 2 7 3
2f2255d1c3f1ebd0 3 3 4
2f28785c84925270 3 3 4
2f3241baf9f87d18 0 7 1
2f34565856b3f8c7 3 6 4
2f34a4b862a50093 1 7 2
2f51f50838a99b58 0 2 1
2f6a1d91d915d732 6 1 6
2f811e41e989bd60 1 0 0
2f965bafdc98a056 1 2 2
2fa1d6551f0852ed 1 3 1
2fdc090728954686 2 1 1
2ff1aa3f2823db96 2 5 1
2ffa9a1c11eb9561 2 4 2
30050baa5e1dfb88 2 6 1
3007a1c8ea0e9c10 0 2 1
300bae35c22287d0 6 3 5
300f77989ecb4c1e 2 4 1
302059c1a903b7d0 0 3 1
3020e7fe38281b1b 1 3 2
302ce77596d41174 3 4 4
30454b1961a2ba67 0 7 1
3048186e8567c93e 0 4 0
3059c66513df62a5 1 5 0
308cefec23c53eec 3 7 2
30984f136407f425 4 1 3
30a86028aa859047 1 3 0
30b580ef61a38806 0 0 1
30c2a4ada5a0bc72 1 0 2
30cacdabf091b282 4 4 4
30cbb8ffb4118e93 3 7 2
30faffdcdb59b6c7 2 4 3
31018721fe18773c 3 4 2
3117c3e8de385978 0 5 0
3132595f5dde78f4 6 5 5
31613c866c7ebf27 4 6 5
3163c5fe41fe539a 4 5 5
3188b2a9e77eb8c5 4 0 5
318c1061c1ffc21e 1 4 2
31905c95c6852231 5 4 4
31c05dfb3a840f41 0 2 1
31c16a8926d28abb 6 5 5
31c695f243a468e6 5 3 6
31cda350bb3ea9a7 0 2 1
31d41c9aa15dc69f 2 1 1
31e23fdbc0a77631 0 2 1
31e4922f733b9cc7 5 1 4
31f23609318b0e55 0 5 0
31f30e2f01fca0da 1 4 0
31fea17060ca1bf2 1 5 0
3257686c643a875c 0 3 1
3278b9d10c2d07c4 5 6 4
327d2283d98aa403 4 5 3
32947f76eaa9789a 2 2 1
329e65fefb9bc054 5 5 4
32db58d539fb40e4 0 0 1
32e3cc217779820a 0 4 1
33009007d5a6cecc 3 6 4
33021ef118d42703 0 4 1
330ed5887d2a7826 4 7 3
334bbc1bb7d4769e 4 3 5
334e7f04de551867 0 2 1
335ffe8d703ca8c9 3 2 3
3363cf4ad85ef404 2 5 3
338ceb49ee20e0d3 3 6 2
338d550aae2f29a5 0 6 1
33a20dc05845b851 1 4 2
33b818678da68b9f 6 2 5
33c131fcdcd2beb0 2 2 1
33e6b2960d2c639e 4 5 3
33e95f23601318d1 4 1 3
33ee9bc139958bca 0 4 1
33f2ca6270428e8e 0 3 0
33f38f7d237ec9d4 4 2 4
34331123c7696e44 3 0 2
3433469f3b1653be 5 3 5
343a387ced686f85 7 6 6
3446a6595ffc48c7 1 5 0
3450d9b99909e578 6 2 5
3456625d62d04387 0 4 1
346a2822d1d88859 1 2 0
34781ac4fb27bc86 3 4 4
348f31e6de4cf2cc 1 5 2
3493d0d382d966fe 2 1 3
3499677226a1522b 4 3 3
3501f00b37ea22de 2 5 1
3519f377b39111bd 1 4 0
3527bd59bd14b26e 1 4 1
352a03f7f20e3bac 5 3 6
35450c691fa1353c 0 4 1
3561e42d8153c76f 2 4 1
3564b55167b01312 4 6 3
35a92d363bb5f43d 0 2 1
35ac53190f84fa65 3 5 2
35b1ef7faae75c33 1 4 0
35bb8c2138a31855 6 6 5
35bea3976b382eeb 1 6 0
35c52b625dde8ce9 1 2 0
35d0bfb153828a3f 1 4 1
35ee5d81aa7ea0eb 2 2 1
35f9560bca3a1a91 3 7 2
36140f4ab9896b83 3 2 3
3616f58356d3deee 0 4 1
3628d0316262f185 0 2 0
362eca89052f974f 1 0 2
36331ad8cfe0b730 4 2 3
363ac3c3a9dc85d8 5 6 4
363f5836b9b3c375 0 4 1
364ab8552d71c4bc 1 2 1
364cc9f12224e739 1 5 2
36543020c442903e 0 1 1
3676b89ffb04b9fb 3 3 2
368e79485129c8b6 6 6 5
369a5e7506f68f3a 3 3 2
370469ce0f19f843 2 2 1
3712387c1465a5f0 3 6 2
371b66bae9a27305 3 4 2
371c9206ce768433 3 5 2
3727a409320acf19 2 3 3
3737fce1f601d382 2 0 1
3743fa4c3302a1e0 0 3 1
374a0f428a454cff 1 6 2
37509044e69b1b6b 6 3 5
3767b01bb4373cd1 0 0 1
377b4f8f58a2eb07 1 3 1
377c46cbbe6ca3ae 3 1 4
37cb6b0be813a959 4 2 5
37dbf4d1f9321c0c 0 4 1
37e7a7c0598ae06f 1 7 0
37ed07c98a76720b 5 2 4
37ed9b72b7540d85 1 2 0
3802ded2c89aa4d1 3 5 2
3805cfa885061f7f 7 6 6
3819774786fa3c53 1 3 0
381bf5a9a8f31e88 3 4 2
381e74f83bb907a0 2 4 1
382aff56e518cab2 0 1 1
382b05c7b64217aa 3 3 3
382ed03df43bd6d0 0 3 1
3830a1e276b78f69 5 5 4
38384c8d92d81a26 6 2 5
383c1ad1e6c86ddd 3 7 2
385ff142aab93037 1 3 0
3867a5a58f33e02c 6 5 7
38876ba4f60f5e7d 0 3 1
388aab7973dceb16 4 5 3
38c129aa018d5e23 0 3 0
38dcdd0b5d288bdd 5 2 4
38e4302ed1822615 3 1 2
38ea6884f3d91d5f 4 2 3
38ecd6f4ddb2795d 0 4 1
39002e885f662b81 3 2 2
390d340701b38a78 5 4 4
3924f10642684591 1 5 0
3925d5a0b47ab4d7 4 5 5
392dd85af6c3412c 4 6 3
39333603f8238c20 1 2 0
393a058ab19674a5 2 1 1
394612171ac4d230 7 3 6
394fb9a2e6554b88 0 3 1
395539cc533a2d27 2 6 1
3968365af1b67e68 0 3 1
396b261fdcef30ff 2 5 1
397397ba0b4ef16f 4 3 3
39b5a7d144807536 1 3 0
39d433c4fb901d0f 3 6 4
39d49b968f727d77 1 7 0
39dd8c207a9411a4 6 6 6
39f8ce452b95491d 4 2 5
39f9f5a8f96e5fe0 0 5 1
3a19b8688d5293af 4 5 3
3a64e28de3fe4bd0 1 4 2
3a6978b1ddf7c59d 0 2 1
3a75f17d972615be 0 7 1
3a8436c12fa68817 1 6 0
3a8cd6e9cd6cf0ce 3 2 3
3aabda80e7ac2f1f 2 1 1
3ab1475826ca00eb 3 1 2
3ad06655097f6e9f 3 4 4
3b002af5791dd9f3 1 3 2
3b17e606f7893827 4 0 5
3b19653b4b12c90b 3 0 2
3b1d96f56d533d20 7 1 6
3b277679db8b45fd 2 3 3
3b58f446ab30f44d 1 3 0
3b6be3812e8c5e03 3 5 2
3b8da7fc27e0c407 4 1 3
3b90a5112f6bba7f 1 1 0
3b9459e8e740616b 7 3 6
3ba46177ad7fe973 4 2 3
3ba718838a24e749 6 2 5
3baddea8cdee8b92 1 1 0
3bbd3b7589c97bcc 0 3 0
3bfa33136367a1cc 5 3 4
3c106219fee6b4fd 2 4 1
3c173a4d966bd6e5 1 2 0
3c48efc038ddb931 6 1 6
3c5fb7cb470b917a 2 2 3
3c6b59e5c2459e89 2 3 3
3c755ca7c042934e 0 3 1
3c7ce644be2efe24 0 4 1
3c807ccee5ce1125 2 1 1
3cc135910c499423 1 4 0
3cc82b1af56a3dab 1 1 0
3cde64a828d2aeb1 2 4 2
3cdece0b415e2abb 3 1 2
3d111d4adb3a2ad6 6 3 5
3d310fddf9bfde30 2 7 3
3d4b3af1a164d2dd 0 7 1
3d4e757d28b16bf4 6 5 5
3d4eca40a65613d4 1 4 0
3d4efd43ddee01ab 1 6 0
3d5897d0c4623418 5 1 4
3d5e24e8a0fbe325 0 3 0
3d6b4edd86692cbf 0 3 1
3d710a17253ab066 3 5 2
3d8b204b3d954999 1 3 0
3d8d0ec919be1371 0 0 1
3d9358ed981bdb72 7 4 7
3d9559292033e6b7 2 2 3
3d966200f2c0cf5b 4 6 3
3dba9c0533ce9079 3 0 2
3debb28b984295a1 4 4 3
3df190c101e7e75f 0 3 1
3e01acff24daa9fa 1 4 1
3e0eb7515160bea2 1 0 0
3e10e99ba187c927 2 1 1
3e66c216639b5ab4 4 5 5
3e780b6600dc622c 4 4 3
3e8e1253b8d4492a 4 6 3
3ea36b384f7efa5c 3 1 2
3ecb1e30f090c23b 1 4 1
3ee9021ba6ab0922 1 1 0
3f089d29ff8ec01e 2 5 1
3f14cd22d0749b7c 1 2 2
3f1ad596e7bb7cbb 0 0 1
3f265344be7babb5 1 3 0
3f27eb1d924e42ff 1 6 0
3f2939278d6f1255 3 1 2
3f2d2e55fce09a39 4 1 3
3f3da347e3d5e022 6 1 5
3f52d7fea29bd626 1 2 1
3f5a0781b9ad24ed 1 5 0
3f72d445f19315e8 3 7 2
3fb0dce5ba4d1b86 1 2 1
3fdadf9a563ea307 2 5 1
3fe51123f0b0939f 0 2 0
3fed10fac4a61253 4 4 5
3ff4d954e5ff7685 7 2 7
402c8ef4058bb302 1 6 0
4050c876f268dc3c 1 2 0
406777eea323654c 2 6 1
406e898d80d7ed5c 0 2 1
407dc6499e477e54 1 6 0
409358df92aa1c0a 1 0 2
40a9e854f2851cfc 3 6 4
40ac0b2bb6eeae36 5 4 4
40b044157c998dfd 1 2 0
40d1b7cbce64613a 0 3 0
411523c8d132d1da 2 1 1
411a90ce57c4abe8 5 0 4
4123cdac89bc98ac 4 3 3
412c95f4e835f43d 1 6 0
4137e3189b351de9 1 5 1
414895c0e969482a 5 7 4
415e20b6900a2f7f 6 1 5
4169d055d1e21f55 6 3 5
417d032db7ce5981 4 3 3
4184deef7c831fdb 3 6 2
4185a5b58ff5400d 2 3 1
41ae9ccc69f3555d 0 4 1
41baf533fbce6559 0 3 0
41d363b8f489e4f6 3 3 2
41dc6826fba5f982 1 4 2
41dcd062a9a9ef2a 0 5 1
41ec8e98d8e757e5 4 3 3
42032130e4a12086 4 4 3
420b649b89c0e0b4 4 6 3
42134b2a95df211a 1 4 2
421e50c99841c419 6 1 5
4222c51d2916b22b 4 2 4
4231b198ed0773bc 1 4 2
4241512ef017b464 6 4 5
4248f45c31793d86 7 6 6
4252c92bdf3586d1 3 6 2
4252e0291436091d 1 2 0
425a906a241f34d5 2 4 1
426fdf07fd8283b7 1 0 0
429052f58a0846d6 0 4 1
429d457783e91fc0 5 6 6
42a0d53a61b01865 0 3 1
42d27ee01c688354 1 4 1
42e78f7b003a430d 4 1 3
42e968d334845806 0 0 1
4355f0c17404f231 0 1 1
43994563b08810ab 3 1 2
439dfb312c75dd12 7 5 6
43a8b8e4fe2f8163 2 6 3
43ddc0bf098b5fc1 3 5 2
43e68ad879c5ef25 0 7 1
44014e79ca1822e2 2 6 1
44246bdd61c0ce75 3 6 2
44303966ddc321a8 0 4 0
4430bd72d7074c92 1 2 0
44341740cdeca7d6 2 3 1
443b141451ab4b07 0 4 0
443ea1ce1c173921 6 3 5
4444caac34e12e67 4 2 4
444ffb54e3b876b3 0 5 1
447060343846b5ca 4 3 3
4493f8d14f129015 4 4 4
44a8e911d1145f06 0 3 1
44b0e6ae461dddfd 0 3 0
44b935a2e0683fb2 2 5 3
44cba5205b72cee5 3 2 4
44e5b2f295fcaf00 2 1 1
44e866bbc10e8e42 0 4 1
44eb1da121769f38 2 6 1
44f021947defe591 0 5 0
44f75f902632934c 5 1 6
4524cf8e2adacaa1 1 0 0
4533dbc76c453fbf 4 6 5
45382d13703f5027 2 5 2
4541a1154bf180a4 1 2 0
45426b0870df8a08 1 4 0
455e776d2699ce0b 1 1 2
45768f1b7949bfdd 5 1 4
4589e7c8bae06d42 4 2 3
45ae89c5736a0cc1 2 6 1
45b81e2502345d1a 2 1 1
45c61d0cca20408f 4 1 3
45e1ead3f12fd516 2 0 1
4602275b4add9249 1 3 0
46147d6ac4910d7d 1 4 1
4621e894d2995f66 1 3 0
46289be9e70c9d2b 0 4 1
464ca419524381b2 3 0 4
465b01c60a67f439 1 5 0
466a65e056324dd1 6 4 6
46813c90dcbbb56f 3 4 3
468898f5d8df0893 0 4 0
46a4e64431f42802 0 2 1
46ae8d3ca982dca9 6 7 5
46ba1d64ba14298c 1 3 2
46c55e1cd56e48a8 3 6 2
4703baf0512d685b 1 3 2
471095f34472d986 1 6 0
471dfd231366e98e 1 3 2
4723507e33e3875a 3 4 2
472a8ecce4250bc7 2 6 1
472d022d3471998f 2 1 1
473c688d4e8fc022 4 0 4
47419a930175e06c 0 2 1
478566592dd74493 1 3 0
478cb9b2b9baea6a 1 5 0
47ad6e4b90c77e0d 0 2 1
47adbe09a4bbd779 5 3 4
47b589d950975be4 0 4 1
47de3cb3e49b174d 1 1 0
48137bf19d461133 0 5 1
481a5c6f1de79cc7 3 2 4
481a926d2daef6d9 6 3 7
481ccefee40d7ab4 3 5 2
4824cb657380c234 0 0 1
482f430cf2f65157 0 0 1
483f9f839e37626d 1 3 2
486077f947bc8d33 3 5 2
4863efca3eed6cab 1 0 0
4867e06d49116228 2 7 1
4891aae077c2bd1c 2 6 1
48b808d02071b90d 3 7 2
48c54f8a2bde6bc6 0 2 1
48c959af1aa9a547 2 1 1
48d4aecd27f83770 2 3 1
48e2bfda8e0c3b09 2 6 1
48e5d7ad567ad09c 3 5 2
48f750245e14a4de 0 5 1
48fd577d95897aa0 1 2 1
490002408c8fca69 5 6 6
4902b29414d81b1f 1 4 2
493fc25aa6cc9c28 6 7 5
49400bbf84b51589 1 0 0
494dc770da9a3496 2 7 1
494e9e9e81dcf015 5 2 4
496245c4532f7710 0 0 0
496a3e55a2cb1f3e 0 2 1
497f2e4445363889 0 4 0
4997e60df93edd50 3 6 4
49a26b9e5861c466 0 2 1
49ad069bd24605e0 2 6 3
49b41a50df0b81c8 0 4 1
49c3f303606514a9 3 2 2
49c8641db1eb7cc4 3 0 2
49d4d9c3aa163d87 5 2 6
49f3fca87d618f05 5 6 6
4a2897f4863ff48e 1 0 0
4a29af8133174a82 3 1 4
4a29edee3f21211b 0 3 0
4a2e7d771f798b34 0 3 1
4a2fda3a00996791 5 6 4
4a3f9a832cbecdee 3 4 3
4a48d4747e378c40 2 4 1
4a6db68cbae5288f 3 6 4
4a6dda52a64b4749 0 6 1
4a6f4f65fed890b4 5 4 4
4a7581415f0d1237 1 1 0
4a832fb71c94973a 6 6 5
4a8f52b12b504224 3 1 2
4aaa5b351ab3bf2d 6 5 5
4ac52d4f2e9e3cac 0 5 1
4ac83aa686fbf918 6 1 5
4add80975941e77c 1 6 0
4ae6483b3236954b 3 6 2
4afd409a1d0aa8da 5 4 5
4b1e6c5870ec3277 1 3 2
4b23ef0d4c3a6a54 1 6 0
4b28282a6b6a6bfa 0 4 1
4b28377ad63da74d 1 2 2
4b4395c18e1b98da 2 4 3
4b49423005db362b 1 3 0
4b4aff052883ac36 2 1 1
4b5656659450fa95 1 6 2
4b56d1bcab913a71 1 5 2
4b585c96e2df92d5 5 4 6
4b6dee564d46028f 0 3 1
4b787484af808cff 1 6 0
4b7a0f8ce835251c 0 1 1
4b7c1b0d8427eb66 3 1 2
4b89731991c00522 0 3 1
4b8d7248446684d2 1 7 0
4b932d0d8bcd4947 1 3 1
4bc7515ca48fa1f0 3 1 2
4bc7bd23114c498a 1 2 2
4bd663e3f335f254 2 3 1
4beb846449b1e8c0 3 3 4
4bf1487fa63a8095 4 2 3
4bf27c428ddd2357 0 4 1
4bfeada3da92e672 4 4 3
4c0d1bcb7ee5bde7 0 2 1
4c123c09dd4c7d79 4 3 4
4c19dd50931b4611 5 4 6
4c2f855f8c7a9dd1 0 6 1
4c3457e8e8cdb083 0 6 1
4c497bcc8b533b7f 6 5 7
4c657c1618361672 3 2 4
4c7774391d428d5c 0 3 1
4ca68d61d3a027a5 0 2 1
4ca76b9e9fdac9d6 0 4 0
4cb00abed6cf5e60 0 0 1
4cbe2d7d0976d2fd 3 6 2
4cc187025e57b43a 6 3 6
4cd1a24c00e01614 1 4 0
4cd44e7f15c1ab45 1 6 0
4ced11d0cb057bc3 2 1 1
4cf9358299f5ea7b 1 2 2
4cfe2343e81c55ab 1 0 0
4d00143cd695e247 4 4 3
4d077d4ccd6fe61e 5 4 6
4d46abff4f0f30fd 0 6 1
4d56af34ef4c83bb 0 1 1
4d83a2660c89aab8 3 5 4
4d97e9d4d605a806 0 2 1
4dc1ec19f5cae38c 1 0 0
4dfb8f9af61fc006 6 1 6
4e10a5beede0d66d 2 4 3
4e388fc5f6d4adff 1 7 0
4e4302f263beaf99 5 7 4
4e46d841b8f4fe63 4 0 3
4e531e114ab1016f 2 2 3
4e5a85ed8beab527 3 4 4
4e688bd0f07cade3 5 1 4
4e7068ce172ca06e 1 4 2
4e8e85d7c7a50004 6 4 5
4e9530d7a42a819d 0 4 0
4ea625782ed5b847 1 2 0
4ea73fd77e0195f9 1 5 0
4eb1b81807a38a36 2 5 2
4eb3e276039ce870 0 3 0
4ede60855d94b9df 1 0 0
4eeeed45c8a0f5b7 3 3 4
4f136b4d2ed45607 1 3 1
4f20dbb4d17a6981 6 7 7
4f3c2ea189e4f2fb 3 4 2
4f3e33a2e69efb3b 0 3 1
4f66d71a99a60689 1 3 0
4f68a740c1a2556a 2 7 3
4f6d1ba921a1b413 2 4 1
4f729c4243565cfa 3 2 2
4f73ccc1c12ce7cc 1 6 0
4f79b45cd5c610c3 6 6 5
4f83b59f91c50e20 1 6 0
4f870f7e91d64596 0 2 1
4faeb4246a49bd34 1 0 0
4fbf0a097e8a39e6 7 4 6
4fc8c03fe257d099 0 4 1
4fda263831c78d37 6 2 7
4fe656cbdb089b41 2 4 1
4ff3141759758710 4 1 3
4ffb029d43e691b1 2 2 1
5009398b70c03c20 2 3 1
5009c7858095a8d1 0 4 1
500ae87ba890ff44 3 2 4
50173d6e9326fa67 1 5 2
503b91fc2d7063a0 1 3 1
50433ece13da203e 2 6 1
507b44c486906ac7 4 2 5
507fa9100d7cdca2 0 4 1
509cd67cbdb9c0c4 0 3 0
50b7e54424ac0d23 1 0 0
50c51b89873c100b 3 2 4
50cb202eaa16549c 0 3 0
50ddbb07964f6276 1 4 0
50e3adc097b54abc 0 4 0
5121006649ac2fb1 2 5 1
51303da271950fd3 4 5 3
5130e4566b66664d 2 1 1
5143d89f01574a39 4 2 3
5151a57d76a707a2 0 3 1
51546d8d26b98917 3 5 2
515537535009d7a9 1 5 0
515d51bc1ba83e63 1 1 0
515eebd2623adf3f 1 6 0
518bb1b9c123af34 4 2 3
519e610fcbde8cd0 0 3 1
51ae771500095ccd 1 3 2
51b17ecfd027982e 5 6 6
51becd67a7746a79 0 5 1
51cb00e0d2a5900a 0 4 1
51e2c07ffe3f2baa 6 6 5
5216c7edd1aa3c09 2 7 1
521fdb774060de92 0 2 0
5222fcf679326eba 3 4 4
523736251db44f37 2 4 1
52601ae111986d0b 1 4 0
526c93608aeca030 1 2 0
527edd6e02a238ee 0 3 1
52c303177a8510fa 5 1 4
52daf05075a9e539 3 4 2
52e0a7e09d65ff90 7 1 6
52ebd3f139dd6074 2 1 1
52f2b5d59bed63a5 4 5 3
52f47cb23801ce8e 0 3 1
5317285dc32ae91b 2 6 1
531b967323887612 3 5 2
5351643f7bc73923 1 2 0
535e672ccaa5d009 4 2 3
53663712ada64a76 0 4 1
538e6189b3a083c6 6 5 7
53a04f7a072908a6 5 6 4
53a7d8ea9e736725 0 5 1
540d5d567e8b9ce6 1 3 2
5415ea8e661ffd90 4 2 3
5445741a100c66d2 2 4 1
5467e5bd976dd306 1 1 0
547516c63114b6dc 3 2 4
547d0dc0d11a85e6 4 4 3
54b56be1c2f650d5 3 1 2
54e13573b0eed946 3 4 4
550ceb24da87d840 1 4 0
55141e4913b586bf 2 6 1
55226de3f6ae4c99 2 5 2
556665952e3de575 3 1 2
55730ba57b6d4ce3 3 6 4
55b1eea6cb88fdc6 1 3 1
55c2dcb8b1d53f84 2 4 2
5623c7f0333c33bb 0 3 1
56462cdc083e2d92 2 0 1
56561d156626d19c 3 2 4
5679b5037c43aaf4 1 3 0
568ebff3831e9f6b 7 4 7
5697852dda348349 0 4 1
5699ebdc8ace4bdc 1 4 2
569f320b76e51f1f 0 7 1
56cdae07e5dad07c 1 5 0
56d768bfc0e0a84f 1 3 0
56d920592f9d47ea 3 4 2
56e20b87d86c794c 6 6 5
56e30550189752c3 0 4 0
56e9c48704d32f8f 3 3 2
56fc162c27c999bd 3 4 2
570cc4d07d41161b 0 4 1
571285f852ee46ca 2 7 1
5745072decb6725a 3 4 4
574ca547b22f1139 5 2 4
57896e20172c250d 0 4 0
578f432583a28b05 0 2 1
579b1a98afe0e86b 6 2 5
579e0dcbf24e31e2 7 6 6
57cc15ad4847b525 3 1 2
57d40791cba36c31 3 6 2
57fb911dfe94ac9a 1 0 0
585083a4b75fb605 4 5 3
58a5bd022749d3d0 5 4 4
58aff5f0717ab7a8 6 0 5
58b44088aba0cfd7 2 3 3
58c018851ad64e6b 3 5 2
58d3c7d43fcdc433 2 5 1
58d9665f63450762 0 5 1
58f228e248a228f3 1 3 1
58f2a03bf878159a 5 1 6
5918023fcb067871 2 2 2
594239f132452ab6 3 5 2
594797306fe87107 4 5 4
5950909add6d3ef5 5 1 4
595e9746227e40ab 0 5 1
59699248a90f7b4d 4 4 3
596a8faca46e064a 5 1 4
59b0255f65a2a979 3 2 4
59c059e5b64edfab 1 3 0
59dd98a36377a245 2 2 1
59e260f71e85fc3d 2 1 3
5a0a3b72c1755109 0 5 1
5a27b8c7584d818b 4 1 3
5a3a3547c597634f 0 3 1
5a519472210ff011 0 4 1
5a5e69209632f3be 0 3 0
5a76521670bb4ddf 3 3 2
5a79346408a2aa85 1 5 0
5a79cbdfecb4a2c2 1 3 1
5aa6d82a1a1bd8a0 3 5 3
5adaf702dbe87c35 0 3 1
5aee1d9183f85baf 5 5 4
5afa7312007dccf7 1 2 2
5aface61f9546fdf 3 3 4
5b0196dd58b78690 7 4 7
5b12ed0aa09f80cf 0 3 1
5b1a4b31d47c7775 5 1 4
5b25a61ae76b1207 5 2 4
5b285922e9d72650 1 0 0
5b3b3b68c39e4490 2 2 1
5b573e1463443c31 4 2 3
5b6382da554e654c 1 2 0
5b79dba49488e43a 5 4 4
5b809e7d88600ed1 2 7 1
5b84f8afbddb1c4b 3 6 2
5b8732ee187a5584 5 4 6
5bb43e307bc00371 6 1 5
5bb96bb65c5b2a6e 2 1 3
5bc0ea44eb220607 4 7 5
5bc467d6a0ce4bdf 1 3 2
5c163788e22e8e6e 2 5 1
5c24581602311322 4 6 5
5c277431044baab6 6 7 7
5c297ee3a843e59a 0 4 1
5c31d61b2e7fa449 1 6 2
5c384d85c2a633e0 0 7 1
5c4fea259dfedfee 5 2 4
5c5b54c2639ce8d2 2 5 2
5c709e8400a84a24 1 5 0
5c9cd50b80dbb4ac 4 5 5
5ca40bb4ae80610b 2 3 1
5ca5572b03736e99 4 5 5
5ca5e36942c7ff84 0 5 1
5cae3b9db7e90c25 1 6 0
5cbad4e3172ccb82 4 2 3
5cc3ca4a439d1ed8 1 6 0
5ce0fe89374a204d 1 5 0
5ceb7fa27bb88951 0 4 1
5cf1a41e2c3d1f0d 3 5 4
5cf1cf945793454f 2 2 1
5cf6bbeae1622f18 2 4 1
5cfc4d9b3188da47 1 4 0
5d018db5dbb1e337 4 0 3
5d056fd8ab2e390d 2 3 3
5d196be8a985b073 1 5 2
5d264390797db5a5 3 0 2
5d3ae5a2d5c92db8 2 1 1
5d6b82f7b101ede1 3 5 4
5d7f223cf521339d 0 4 1
5d8161b9df4cce8a 4 1 3
5d90ca851a1c511c 3 5 2
5db02636c7a6457a 4 1 3
5dc27f1452e96d57 2 5 3
5ddee8d9b6107a68 6 3 7
5de272162ae6b57d 1 3 0
5de3fa8f675eca55 3 0 2
5e1160948b6eb45e 5 4 6
5e42d86ddd4a18af 0 4 0
5e52e38011e978d4 3 5 2
5e5fd71572455f69 3 1 2
5e65d40508a84f86 1 4 0
5e6df27e76610827 2 2 3
5e85a819c2a78986 1 4 2
5e85eefc53f1efe4 4 0 3
5e9f399982632cec 0 3 0
5ed3f6dc6890804d 0 4 0
5f0338bb8d1c2995 2 4 3
5f0cf3ed259478fb 3 3 3
5f1eb98da79b2636 0 3 0
5f1fb38247ab94d5 4 6 3
5f2958b02bd614ba 7 1 6
5f339ead286ec30f 1 3 1
5f57cd3d0e1feda7 3 2 2
5f5be8de63bdb570 0 3 1
5f64c5d72cce8c77 1 3 0
5f955fd86de7cb72 4 6 3
5f96064006440668 4 6 3
5f9dde542da4b418 4 6 5
5faeae8f26556bea 3 5 3
5faf2b1c4116d529 6 5 7
5fdec3ae02323d2c 5 1 4
5fe2839d0467aef8 0 2 1
5ffaf1ff245b9729 6 6 5
600719e3a39a355d 2 5 1
6014558b44441a4a 3 2 2
605f69d6b0bdfd02 1 4 2
60616dc2a37baacc 1 6 0
606c9f0625cb6fd2 2 2 1
6075ea11504d8d8b 1 3 2
607f5a8b3e6e3701 0 6 1
6088b20d8f62bfa4 4 1 3
6093d5251588bc80 3 2 2
60acc3bfc176bab6 5 3 6
60c69199174e8a8f 2 1 1
60e002f9f684c5f4 3 5 2
611165f143dc3072 0 4 0
61193ced34657971 0 7 1
613fee5f98afded1 2 2 2
61777e115c0609bc 4 3 3
6190e7df14263046 1 6 0
619ff33002296da4 0 4 0
61b1df06a668afa0 2 2 1
61edf008b008a20d 1 2 2
61ef755655d2ab10 0 2 0
6202a579ad4bdf5e 0 5 1
6211ee3689b6c052 5 7 5
6226e44c8a069971 0 4 0
622d7397429b4fb4 3 1 2
624d0793cac49101 1 0 0
625c4a3fcfbdb464 5 4 5
625fce55a7af62c4 1 1 0
62883d03586886cc 1 5 0
628983d6c3c3c977 7 1 6
62998f08d0f11b14 3 6 2
62cc8eee5eb3abd4 2 6 1
62d2e9a8894d594d 0 2 1
62d603fe7a387b50 3 0 2
62dfa289e70cad33 0 4 1
62e7f95f98455e67 4 1 3
631e9676f9fa09d9 1 6 0
63293501fa6fdd1b 3 2 2
632ffc0997705266 3 3 2
633ea9ace1048bd0 4 2 3
6340d7c590536289 1 0 0
6349aaa85bbd379e 6 4 6
634cf046e5849d27 3 3 3
63b70934bd1eaeab 3 2 4
63bfdc9ab64e9435 4 5 3
63e1d55415117f7d 2 4 3
63e2d9390eadc02d 5 0 4
63f4295f3b8a1605 1 3 0
641c5e4695ca7f0c 1 3 0
645316391aee7368 3 5 2
64816a85471cd789 1 2 0
648385b819481b07 4 1 3
649d09d70b551e2f 7 1 6
649eedbf2dc3f08e 0 2 1
64a010898a5fcc10 5 6 4
64def4dafc41aa85 0 2 1
64f2b2cad83dba11 5 5 4
6521b855226a2fa3 1 4 0
65287c126758b254 6 4 5
654d973ae432c795 5 2 4
654e24b9211f3179 0 4 0
655d461b4f74cc45 0 3 1
65665b75a2e2dac0 1 3 2
656795f616139dfc 4 1 3
656bba243316a62e 1 0 0
657411bc0b47866a 2 0 1
6574a3aa6bcb4bbf 2 2 1
657e1b2215078c07 3 3 2
658bf94376b9db58 5 4 4
65a44a180abb11f2 0 4 0
65b260a0b1202bbf 1 7 2
65d1ddb947302d07 1 3 0
65d7a8b73dfca48f 1 5 0
65dcf8990fa08c10 4 4 3
6601716a1016f05c 1 5 0
6611d8fb2d3d75eb 1 7 2
664c84307426c645 6 7 5
66583c3d2317c725 5 1 4
6658b2252e271c28 5 4 5
665e42be6d192ac8 1 3 0
667148f669d2790e 4 2 5
667af3d8d6a44170 1 4 0
6689ec4983d062b8 2 1 1
669946c873288b37 4 4 3
66b06f962c554be4 3 6 2
66e0f5cf36f9bbe1 2 7 1
66f31b14e003f842 0 4 1
66f69d71c9e36ce0 1 3 2
66fa4606bb75fc96 5 1 4
6718e1a46f715def 3 3 3
6737c626c6308d5d 0 2 0
67b0e09b85a6b6cf 3 6 4
67b0e8e61ef987b7 4 6 3
67bafb078eae8ccd 2 6 1
67bc076808bd033d 0 4 0
67fcdcf9339abd9f 0 2 0
680bfca28fdf0770 1 5 2
6831ee7e3b0f9716 3 0 3
68399d388cbf930c 6 1 5
683a475367e22801 2 6 1
68441a7f107c2081 0 7 1
6863dc84dfd42bc2 3 6 4
6869e3379d21c5d5 0 4 0
68735ebac015e0af 2 6 1
6875b55352d61f99 4 2 3
68a6a40279b6f63e 7 4 6
68b45edf0cd9a80d 3 4 2
68bb77c73cd0313b 6 2 6
68c7f4ba23d0dd47 7 6 6
68ea98ffeff00fb2 2 3 1
68f84f1c3d12038c 2 4 1
691f7e7b8767d56b 0 6 1
69308eb76eb58283 2 6 1
69421fe7e5aa6387 3 5 4
69489e244683ab11 4 6 3
6951c73475ecd44b 5 1 4
696ef328d5dc8898 1 6 0
6985db2acbdf6ac3 7 1 6
698a70813a813135 1 2 2
698c4e533e35875f 3 6 2
69c02faa1bb84c2c 5 5 4
69d14dcc85265b57 0 7 1
69ed13b1fe305d5a 1 7 0
69ed1ac7ed128497 1 2 1
6a125c6125c7ba6a 5 3 5
6a21da77d4ad82a2 0 4 1
6a2dab2d15ef2b0a 2 6 1
6a490d4b9435e182 1 2 0
6a591934f707049f 6 4 5
6a5b2f3a7e7a59bb 1 3 2
6a5bddb4ddf847a7 2 6 1
6a6192196a96d300 1 6 0
6a61b9fce24817b7 1 5 0
6a641e6e29501948 1 5 0
6a6cde2da6003609 5 3 5
6a9193fc83218764 3 4 2
6a91f2507410b51c 6 4 7
6a9456bb5e3cd6d4 0 3 1
6b0e7556c9fff23e 2 5 1
6b0f8707333c29fc 0 2 1
6b22bba0b1a939ef 0 5 1
6b3ec02755da3064 1 3 1
6b466e09f68779e9 6 1 5
6b57a752ea8efaac 3 0 3
6bb465f856267381 3 1 2
6bb54d49ebb9ebac 7 1 6
6be9e5d170f931e3 1 5 0
6c1081d4f547bced 3 1 4
6c23148dc610e007 4 2 3
6c2a583839a8e565 1 5 0
6c2edbf649453396 5 4 6
6c5065ff20754384 1 2 0
6c55a7c295ffc9a5 3 4 4
6c64c5cdefa34072 2 7 3
6c7feacc19309918 2 4 3
6c9792d6ab4ab5f3 3 2 4
6cbf06994ff1bc43 1 1 0
6cc1d468f04db753 1 2 0
6cc373159085109b 4 6 3
6cdfd3e3798575b4 6 6 5
6ce0314eb1bfc4cb 1 1 0
6ce3c6e5798f915e 4 5 5
6cf2d0c02b10f484 2 6 1
6d0b367839c07bd0 3 6 2
6d5964ba2f34ec08 0 3 0
6d778235e5772848 1 2 1
6d82a25eb9c00d53 5 2 5
6d9a0a1d81885013 0 7 1
6d9eb342cacba4bf 4 2 3
6da04a3e75808c8d 4 1 3
6dbcedc578fdf2ab 5 1 4
6dc6eeb3410a2501 3 0 4
6df6c3f319182240 3 4 3
6e1abd24b8030247 0 4 1
6e408efcd3352e41 0 4 0
6e6304d2e63235fa 2 0 1
6e743615e6015ec0 1 4 2
6e93eb0da2d9a5a8 0 3 1
6e94d32c540553d3 2 2 1
6e9629bda059a1f8 1 1 2
6e9ab7a673ca1a56 0 7 1
6ea9ae6f0f149881 0 0 1
6eaa8cd4d931df81 1 0 0
6ebf501df355468c 0 3 1
6edc428a7c7d62fb 0 2 1
6f0a0802468b7a68 4 2 3
6f2014a102a44a48 0 3 1
6f40588e439ffc20 1 3 1
6f49db36e2a0637f 1 3 0
6f51e7ed7aff5c8f 5 5 6
6f7327c23d646b05 0 0 1
6fc6e681120145ea 0 4 1
6fd24a28e592e425 3 5 2
701b4d689b1d31fb 0 3 1
7055faea765436a2 1 2 0
705837c79b9abbaf 3 5 4
705e08cc0702bfc1 1 4 0
707cca9edc94855c 2 2 1
709d639446391c03 2 4 1
70c32d405a586e01 3 2 2
70df7d87d3915ef5 7 1 6
710d9698cca2827f 1 5 2
71520635d662cdce 0 4 1
71bae4877494a2af 1 3 2
71cee0b524ae39cd 3 3 4
71fa4c7c079b295d 4 4 3
7225dfefbc56eaa2 3 5 3
72628f1c4d711189 1 5 0
7291eae1a1ba229a 0 3 0
72ad5bbc991ca55f 3 5 2
72d0cd0df2219b80 0 4 1
72f5f07c54aa92a7 5 3 6
73255455a4cbf50f 2 7 1
73410334ccb3caf7 1 4 1
734c7879313ec8d1 3 6 4
734f61259e96a10f 2 3 1
73781c40187c769c 4 6 3
737e65ff41f3fa32 7 4 7
73817f3fc499e0db 5 3 4
73c5966e61ed8196 4 1 3
743749ed036b8bb1 2 5 1
7467e9fa25c336a7 5 1 4
7491b92a990ee1c5 1 4 0
74bf5fc6cb42f9d5 0 4 1
74cc40a295a98d09 3 4 2
74ea6d7a07fdd446 3 4 2
74ebf29e7387341a 1 5 0
74fec5a17aea1248 4 3 3
751d6c1d107c2551 5 6 4
752296da6ea29561 1 5 0
7524f29ba66e9754 1 1 0
752b984cda890e47 3 6 2
753cf4bbb6e8c197 5 3 5
756013cff7cb7604 2 5 2
757170d03273bf52 1 4 1
75a81659bf6afd55 4 3 4
761f9130401cbfbb 5 4 6
7650fbe30c48bc88 3 4 3
769c1d7cfa28e323 1 5 0
769e15d2da594ac4 5 3 6
76b40a6bf2b62915 1 3 0
76c4f453c24e712b 0 7 1
76dd67455830a1d5 1 7 2
76e73fb75aac41b2 0 4 1
76edf48740d2159a 1 3 1
76ef7511249bcf49 1 3 2
772c424cea2b3c2b 5 1 4
77356357f4881290 3 4 4
77585a80e397e092 2 3 2
7763f0fab53af2c1 7 1 6
776f2aed1de4ccf7 2 2 1
77a810b4a350783d 2 5 1
77af7e31111e9b56 1 4 1
77cc3d10650f945e 3 4 4
77cc9f885f865fb5 0 3 1
77cd732194fccaef 0 3 0
77e42f1467a9b08d 0 5 1
77e7af6d3013ae67 6 6 5
77ece4403924dd7e 5 3 6
780089e6d3bd49bc 4 7 3
7816221273e91eb3 3 2 2
782210c05b65f111 2 3 1
783642c21671fe96 6 1 5
78366668cee0c71c 1 5 2
7869d2977d801edf 5 1 4
787ef177e45b0958 6 2 5
7880c3433ab7d8a0 0 4 0
7884295ecbeb4a96 0 2 1
789a0e4ff4158321 5 4 4
789cc8df2ac0ffff 6 1 5
78adbda0b4beecee 0 4 1
78e701f7fbae15da 3 4 3
78ea73e6633fe7b7 2 3 1
790358ec5de4f6bd 0 2 1
792ea4ee62870979 4 3 5
793d726b2a1614fb 1 4 0
79476af4f208986e 4 2 3
7951dfd86483b761 3 4 2
7972160368debeb6 0 3 1
79894d5d19c2c723 3 4 3
799be95cad69a5eb 2 5 3
799f78f4e804f2dc 0 3 1
79a504be359b7ab8 2 2 3
79a94006edf7db15 0 2 1
79bf74a96650eff7 1 4 1
79d22a9a147b0967 1 3 0
79d9c7350af4b0d9 3 0 4
79e3288b100b70dc 2 4 1
79fed36becb879e2 1 4 2
7a0c34d84e8df222 3 1 2
7a0db0bb4e3d39a5 2 1 1
7a0e3662a91b97db 1 5 0
7a1fe6218b53c5c4 5 7 4
7a24cd4012d4f872 0 5 1
7a2b74e76f1db215 0 4 0
7a57b37048b58268 5 6 4
7a59f84f40ee0fa0 1 3 2
7a6d973464a03120 5 4 4
7a70c24f343c1baa 1 3 2
7a9c310edf59bf5b 1 5 0
7abfdaf4a2cdc968 1 4 0
7ac1461fb4071351 0 4 0
7ad72e66dac9273e 6 5 5
7b0a8bfc8c6c010c 0 0 1
7b1085c7367d7ff3 1 3 2
7b1282b78f9953ce 3 1 2
7b2488b6ce962401 2 3 1
7b32e634208b2e96 3 6 4
7b3986721d838313 3 3 2
7b4666ffbbd007b4 1 4 0
7b48d57ed1fce646 7 5 6
7b77450920c1b43e 3 1 2
7b7939a75344eaa4 1 4 0
7b7fb1100e4fdd69 0 4 0
7bb64b61175859b0 0 4 1
7bdc31caf9ec8c3d 0 5 1
7c0e7dda629e1486 2 3 1
7c0e9932f64a03a4 6 4 7
7c0ee039536c9d18 1 3 0
7c22140c1aaba7d7 5 3 5
7c2842479d34381e 3 5 4
7c2884009f0ff5fb 2 3 1
7c426957b513f0ac 1 3 2
7c47483fca5483f2 5 6 4
7c4a04de5951c95f 4 3 4
7c5c834d580b80b2 6 2 5
7c605bf850647470 6 1 5
7c754898e9046c70 0 3 1
7c7a249d74ef07ee 2 5 1
7c7fc67659d12ac8 2 6 1
7ca295738a227233 5 3 4
7ca4cd653c0b4647 4 4 3
7cd355b10d31a398 3 4 3
7ce52cf2edf9c477 3 3 2
7ce82737f15a45ed 0 2 1
7cf015cf7bfad5a9 1 4 2
7d0bca5f8a28c2e9 5 4 6
7d18e566e3979a55 0 4 1
7d1c5043623c630c 1 2 0
7d2aa8f3b95b7b2e 2 4 1
7d5a4dd70bdb0946 3 1 2
7d5b3fc1ff072610 5 3 4
7d5cd096d4f0af1c 2 2 1
7d5eb6a73fba1d48 5 6 4
7d7739a450ee3f11 4 3 5
7d7d1a36ac453058 6 6 7
7d99355bc1851a7a 4 3 3
7db10c6d72ba1230 5 6 4
7dc9799a48fddbb1 1 0 0
7ddbd79cabc93b82 0 4 1
7de0f254ea4c493f 1 3 2
7de1e9cac85e2348 0 2 1
7de2fb687cc520de 0 0 1
7de3e727e1994829 7 4 6
7dec943132f938db 2 2 1
7df9363ac4073443 0 4 1
7e1d8427f7ab677c 5 3 6
7e21539d0e4885a8 1 2 0
7e2a7fef06be1515 6 6 5
7e37208d72217b12 3 3 2
7e40ea8f8eca9798 6 1 5
7e457e977801200e 2 7 3
7e5d57d20d306e53 2 3 1
7e9aa84428287f69 0 6 1
7e9e34f6884d1b7c 1 0 0
7ee75ade5358051a 4 6 3
7ee8d0594495e5d2 1 7 0
7eeebd26d1af81da 6 1 5
7effecd8e78f3a63 3 2 2
7f1b9fd87a54edba 6 0 5
7f34c2d5dd7f1704 0 3 1
7f35ce213d846877 1 3 0
7f8ed10e7c3826c3 3 7 2
7ff59e4390c6e474 0 7 1
8001161b8884547a 1 5 0
8001df235480f5a7 1 7 0
8006be0504e35cb3 7 5 6
8023e4fd881b26f8 1 4 2
8029141566891a3d 2 2 1
8038387e7e88f263 2 3 1
8045e1d4dff55a66 1 0 2
804b72ae3a5f4225 0 4 1
8055fc6acefc25b8 2 3 1
8065bfdf544e74a1 6 2 5
8066e7ebe18e1f8a 1 5 0
80708aa395a97599 0 4 1
807b4e87479d9556 1 4 2
808fbc8dd152998b 0 7 1
8098073c96063c0d 6 4 5
80ad45d7a41ecddc 6 3 7
80b09bb435ec24a9 0 4 1
80b5e925b738a946 3 3 2
80c26cacdcd69d00 4 4 3
80d0ee90fa2c0d50 2 2 1
80dd76d3e56aac4f 0 4 1
80e017924f33018e 0 2 1
80fa2d629c9954fb 3 1 2
8111cc730c45f4a8 3 1 4
81249a0a2c056159 2 5 1
812514547da0913b 5 4 6
812bcb3185e4c71b 1 4 2
813300c7750c734e 0 2 1
814ff0e1b19ee7aa 0 4 0
815dac64d07b7f7b 4 3 3
816a1463bb0c3003 0 5 1
81a207f829d7e2c5 6 1 5
81b2eff0d23e8f4e 3 5 2
81babbe51cfad4d9 0 1 1
81c260ae026e50c4 4 7 3
81e08f06f73b5f63 1 4 0
81e4118fda1b00d4 5 2 6
81ec7ff3a164ee39 4 5 5
820074ec4a3f866a 2 0 3
8202caafa249d40b 2 7 1
820ab8702cb07cd2 1 2 0
824bd7d00268b658 2 5 1
825e2144f7f42317 0 3 1
826e84e25545044c 3 3 3
8271895805a3cc26 1 5 0
8276b76a6d286bde 0 2 1
82a77c0ddad5779a 5 5 4
82b58d2356c4706d 5 3 4
82b625b719c7a2ff 1 7 0
82c8a7a9ef0b5261 2 1 1
82cb063a06acf314 0 3 0
82d4b59bd28ee91e 1 2 1
8308191e89638e5c 0 6 1
833654bea3f1fb8a 2 4 3
8338de335c365dd3 1 5 0
8339a02519e78354 1 4 1
833ec55aefd5c0a1 4 1 3
836c6a8e0a593ddc 2 5 3
836f9eb32da07da2 3 3 4
837b496069a4088b 3 2 3
8380cb2acbd4084d 7 1 6
83a6608bca1d684f 2 6 1
83acc3da3ccc1c8f 0 7 1
83c2d11b2681aff6 4 4 3
83c51668fa3973f2 1 7 0
83d2c70683091ff5 4 4 5
84314a2e440954ae 0 5 1
8442cf009a6b6e82 1 4 1
84437ca50d2466f9 3 7 4
84499f8650d1c420 1 0 0
845234ac7dee9ce1 2 3 2
845a1d6cabb6fa79 2 4 3
84994fbc8017f60d 3 1 2
849ef61e0abaf7e8 2 4 1
84a7d5e9183e314d 5 1 4
84b347e66b6f9f87 2 1 1
84b7695beb8fd5cb 0 5 1
84be4135f5edf661 6 2 5
84fab0f69f7d7d91 5 3 4
85000251a864597e 0 4 1
851d14b41a229c68 4 6 3
851e4cb18b70610c 0 5 0
853326dab3b3e720 2 5 1
853b367a3bec71db 3 7 2
854d6a204abf1b0e 3 2 2
854ffe39df44691b 4 1 5
8556aca1af153684 1 3 0
855f87884764821f 0 4 0
857774647f2dd6e2 3 6 2
858b8166eca5b5d6 4 5 5
85c13f787b9dd2bf 5 7 4
85c4c27e3d25fb2c 0 5 0
85cdbdef0ae85bdc 1 1 0
85e24398032565d5 0 3 1
8604b3a717c96abe 0 2 1
8621087861c7bf4c 7 3 6
864dd85cd6db127c 0 5 0
865b2cb826696eca 3 1 2
86681cb0b33eac53 1 5 0
8672eaccc53be1c4 6 6 5
869ad395bcdc90a2 3 6 2
86e1d10cd4715846 0 3 0
86e6abf6d8fbee79 1 6 0
86e9e5e48138e36b 0 3 0
8700af553a728aec 1 5 0
8700d0680711c1c5 3 1 2
87037297a8870c36 5 7 6
871268524a375798 1 4 0
87209a86dcca9dd8 6 6 5
87216b87382ed71e 5 2 4
873fd98e6af18ef8 1 3 0
8746e79cb63d9359 0 3 1
874b2ff7bbe40bd0 0 3 1
874ecb1f05825751 1 3 2
87998b15bc4719c5 1 4 0
87a17c8a569885de 5 6 6
87ef1c9543634079 3 2 2
8826eee5c18447ee 3 4 2
8846ccef074222ff 0 0 1
88523b3b33db5ea9 0 7 1
885bd5fb539093f1 4 3 5
885de91d997a9d92 4 4 3
88a2fc34d80eaaa5 1 3 2
88b43e529c8b50a0 4 1 5
88ffa15e4463c7dc 1 2 1
89003dcf6fd7f32d 1 7 2
89084f92eceda8f9 2 3 1
89202d73bd1928fe 1 4 2
8952f6812c63868a 3 2 2
89738a04f541edcb 2 2 2
897cc496736e591f 1 3 2
89908eeb9531e00d 3 6 2
8993a430cc20fb5b 5 1 4
89b312a77560e7b2 1 4 2
89be4534d14f6e1c 0 2 1
89d3f8994468c015 5 2 4
89d4c31e2f36b0f2 1 3 2
89d8c67f787701f4 2 4 3
89eba62843631299 0 2 1
89fa7fd0395619d1 1 4 1
89fff191e0050957 7 4 6
8a01f24d6bf0c247 0 0 1
8a0d20cf69da2d19 0 3 0
8a239279f60d2c93 4 1 3
8a24a5664ba3d3b9 6 2 5
8a36b496d22df330 3 6 2
8a3d0de63a6a7536 4 6 3
8a89aa4ec3d83e75 2 3 3
8a9a4f88fdb0e92e 2 2 3
8a9a676f4ca282b7 0 6 1
8ab581e98e6331cd 2 5 3
8ad484250207f515 0 4 0
8ad6c42fc43166f8 4 1 3
8aec7a074293df3a 1 1 2
8afc2bc3a3357326 4 2 3
8b1d90b845fb8acc 4 0 4
8b25dfe93d44d98a 3 2 2
8b489b200a3045fc 1 2 0
8b5195a13f3494be 2 3 2
8b55b0e9ec4af329 0 3 0
8b6daa8ccb27879c 1 5 2
8b796567f96e67f1 0 6 1
8b841b798661f97c 5 3 4
8b912a77cecbbaed 1 2 2
8b97c4058714045a 4 0 3
8b98b2c458dcf6d2 1 4 0
8bd11461e2b92a99 0 3 1
8bda4cb14ae0b504 2 7 1
8be1508dbbcccfdd 2 1 1
8bf3bcc53042e119 2 6 3
8c04e521e38b1117 1 4 2
8c23821a61714133 4 6 3
8c338debe9eaffe0 1 6 0
8c42fb388202bc76 1 4 2
8c5f546ff60ffd03 3 0 2
8c67bff4e46af858 6 5 5
8c6ea325febd5c3d 1 7 2
8c73e0f75a1d9aac 7 1 6
8c7f7c6701d94a7d 1 5 0
8c846c133089cec4 2 2 2
8c8695878dff41ce 2 6 1
8c95ad3ea3d75a0f 3 6 2
8cc31f763c219ef5 3 1 2
8cdc333162ad16c1 1 6 0
8d1c0e1275d29711 0 4 1
8d22365e817576cd 2 4 1
8d22dc3e1f0ae375 4 4 3
8d3969473735a7ca 4 6 3
8d6595024782c2aa 0 3 1
8d6917398feac66f 0 4 1
8d7f170bec44c8ae 0 4 1
8d850120d3abb4ab 3 1 2
8da2cdbac2d94c6c 6 1 5
8dcbd767f12a8484 3 6 2
8de6d5d62c313121 5 5 4
8decc1f06b1ce352 0 3 0
8e1ef02f8432e6f8 2 5 3
8e29086e8c96746b 1 1 0
8e3f51d6ea8e4036 2 6 1
8e41b9ea314127f2 1 0 0
8e46a50e5fd820dc 4 4 3
8e4b78380762e559 4 3 3
8e4e31e1fc1d081d 2 4 3
8e5e6db004d1a3e0 3 6 2
8e751baa8ac9b748 3 0 4
8e99503bbc8db0f0 5 2 4
8e9ee42be0362bb8 1 2 0
8ece4a97e064c0bf 1 6 0
8eda3b098cfed638 1 4 2
8ef5c6ae231501d1 1 3 2
8efa58d4053928cc 5 6 4
8f00277406c6e647 2 1 1
8f0dc334cb2d305c 1 4 0
8f1630793256e6ca 3 4 2
8f170cbefaa1a066 1 4 2
8f194f2ea4ded3ce 0 4 1
8f25e2e4804660dd 6 5 7
8f473b1d4f7ed3cd 3 4 2
8f4846fed95079ea 1 4 2
8f5ecb2a544ad078 2 2 1
8f737a7963cc4ad9 0 3 0
8f75bda4d52b9cf4 5 5 4
8f7fe15fa4c9ee9e 2 2 3
8f86cafad15defcd 3 4 3
8fc8f53ba0f9679a 2 2 1
8fd52a0d9fed4738 0 5 0
900b1efdd3993810 3 3 2
900cd677f984846c 2 3 3
9014436c57b4264a 2 1 1
9060083d8a366aeb 1 7 0
9063ee6636d27f92 4 5 3
907b29a3789f7cc1 4 4 4
909a2c062dc1679f 3 3 3
90afa7a310d86234 3 2 2
90c67262c9436f74 0 2 1
90da5c999758c1e5 0 3 1
9116dc08f4353951 3 1 2
912157c2b52995d6 3 1 4
9125dbe4cb268fd8 3 5 4
91500cdd280032ba 2 4 3
91614b212c45266e 3 6 2
9173a4e53472dbf4 0 3 1
9192ed690c7b3119 1 6 0
91a694a1702b54a0 1 0 2
9211f43d8f8fb47e 3 4 2
922de7a9555c7b37 1 3 0
923597d1c454d892 1 4 0
924e18d6c183620a 1 6 2
925217dd36231d42 1 6 0
925efb8b90290cc7 1 3 2
9268b1448c597349 2 5 1
9271c085c6291919 2 6 1
92773a100d8d1ad3 0 3 1
92d2d3e728d118fd 3 1 2
92e4267164d66be3 0 4 1
92eb4615788772f5 4 3 3
92ff44537627e729 0 2 1
93142f618cb507e2 5 1 4
9344a84be81cf385 6 3 6
93822b2161a1a747 3 4 3
93841ae89d7adc56 1 6 0
939d739c5587effa 3 2 2
93c9ad46e738cd53 2 6 1
93ed8b9c6c9103fe 5 2 6
93f48a76bfe893dd 0 2 1
940cc6127083a4ad 0 2 1
940e6cf34baa454a 1 4 0
942d15f6108088db 4 5 3
9435d41ff97ec52f 2 4 1
9448e27d24c22fb8 0 7 1
944ab119537f8ceb 0 4 1
944f22eea446fe84 4 7 4
946339643c662501 1 4 1
9487ee50aef4aa7a 1 3 2
94a10685b9995403 3 5 4
94aabe6ba10df803 1 5 0
94abdd1aa8d83910 1 2 0
94c3dd9d6f14d28b 2 2 3
94c45bba2ca5dbd7 3 3 2
94dd061747dc4a38 3 6 2
94e4c13aa4e397ed 3 3 3
94eb0d6467ee34b9 3 2 4
950714708da0375b 2 3 1
951004839ad9a54b 3 0 4
9522b3de68304688 5 3 4
9531cf3ade96bd8a 5 6 4
9531d0f91f04fd38 3 2 2
95382aecdb6d1e45 1 5 0
954eed7b369777fd 3 2 2
9560c9fad199b896 4 3 5
957ab68f8b3c897d 0 3 1
95846de3f311b243 1 4 0
95889a04d98e036f 0 4 0
958b890d86fa57b7 1 2 2
95a80cccc2756624 3 1 2
95ab5fa0245e5980 1 5 0
95ad78440a80c670 1 3 0
95b92a8e78c73f79 4 2 3
95bf116094b4c174 1 3 0
95c21b5eee06fdbf 1 4 0
95c8f31e0bb014a8 0 4 1
95d05100295719d6 1 2 2
95d1375066cebd39 0 3 1
95eb9bcd9d75dbd8 1 2 2
95ebf894d42ebb3b 2 3 2
95f57e8ac6d676c5 1 2 1
95fbdcebdb3b34c3 2 2 2
960770d1feba5d0e 5 4 6
96254f5231cc91a6 6 0 7
9637480d12dfbbda 4 2 5
9639b5c123681433 1 0 0
965493c12413f8b2 0 3 1
9655f714beff9ea6 2 3 3
96643825059b5140 5 0 6
9668135b3c8442ce 2 6 1
967369e6bed1962b 2 6 1
96810a7f22db3edb 7 6 6
968208b24c369cfb 0 3 0
9691092e37ba262a 6 1 7
96a3338ef4747379 2 1 1
96a70bb5c2066656 3 2 2
96a72fe2263223c1 4 5 3
96daa281a4a1d7c7 1 3 2
96f56ae418f4138a 3 2 2
971d86f201bdf998 4 3 5
9743f13bd62e0f9b 0 4 1
97507b9dd0a8abd6 4 1 3
9750a478ead794bf 1 4 1
9754064b1efc1bd9 4 6 3
978a53c1d3bf6074 0 4 0
97942c0d1f740884 1 5 2
979bf29df32142f5 4 6 3
97b37ddc02d99045 5 2 4
97bc75d5c41ad581 4 1 3
97d0b3ad253c87a1 1 2 0
97d6650957c83cea 1 7 2
97daa12ac8d4ee6b 1 4 0
97de7450f8e1073f 1 1 0
97e7626431b4a8cf 4 5 3
9800af30a4898b42 3 6 2
98069e4d791c4c5b 1 6 2
98198e8d5c608c7a 1 2 0
9841d0500709cd29 3 4 3
98502a9b05c15713 1 4 2
987a1dbd94bed5cf 3 5 2
98a5aa439f0b7b38 1 3 2
98bb71a9ec35e970 4 4 3
98d17d015f68e7c8 1 2 0
98d3eb8289a1f5b7 3 3 3
98dd9966b3cecfed 3 4 2
98f0ecda69f89a3e 2 2 1
9935cbf6b15fd3c2 1 1 0
9949d7f0313a9279 2 2 1
9951558f56878719 3 7 3
99672f8a8c211163 1 2 0
99781170a477f5bc 1 1 0
9980e627861acafa 6 6 5
9980e666626aaf6d 1 7 2
99a4e8f2220c280d 1 5 0
99a8bf9b88c06661 3 0 2
99be1cca4a8b82de 4 4 3
99d4127436c08d8d 2 2 3
99d7adccd44082ed 0 2 1
99e49e20986ba4f7 1 1 2
9a153ed10b90e026 1 6 0
9a3a3e7958a4c3ec 1 1 0
9a57d7f9fa30147c 4 5 5
9a5e4c3cf5133c70 3 5 4
9a7844478f701c97 1 3 2
9a88d752e1135566 0 2 0
9a89dc3a3985ee67 3 0 2
9aa385bb8e15bac1 3 2 4
9aa45929bf77e837 5 3 5
9ad60d2f942c6362 4 5 5
9b057fc81b651be7 0 4 1
9b21df60dbb367ee 0 4 0
9b491079ad7cce29 2 2 3
9b4ee02e16bc9fdf 0 4 1
9b5dee1e588bc9c3 5 6 6
9b64afe528e84d99 1 7 0
9b6f198a4484eb46 0 2 1
9b7701e2405dfae6 3 1 2
9b950711ebc248ce 5 1 4
9b9ca98365cd4151 1 4 2
9ba489a0ba260429 0 2 0
9bbeea099caf9545 5 6 6
9bc0b5328a3dabfc 7 4 6
9bc988515a7eb5b3 6 3 6
9bf0ed49966d18c8 0 2 1
9bf7ff4e68db0055 0 5 0
9c277983f8bbc07f 1 5 0
9c3c6675be3dc88b 6 7 7
9c4676ab6bf9f825 2 5 2
9c483239fc8b00b1 1 6 0
9c4968b2b6e82031 0 4 0
9c6ed52801d35f65 4 7 3
9c76aadc4cb8a728 7 6 6
9c8c48039518a704 4 3 4
9c932a0e1b44dbcd 3 5 4
9cb297f99f780124 1 4 0
9cf5d6c5d84a20d9 0 5 1
9d2d6ac1637bc6c5 4 3 4
9d458ae3101c11e6 2 1 1
9d4f7c2e33b90d06 5 2 4
9d4ff71f824efddf 2 3 3
9d5f7a21b0682773 1 2 2
9d8c7aa6333af3f5 3 2 2
9d92a5d7e600fc1b 4 1 3
9dae75ce9f5c3289 7 1 7
9e25c1a755b77e83 1 5 1
9e7b13c23cbda8ea 1 4 2
9e8211430744cae1 0 3 0
9e8eb22910bb6bb7 1 2 2
9ea717ace8a24c36 0 5 0
9eb46f151e508ab3 1 4 2
9ec283383d169782 2 6 1
9ec3241e40e8f5a1 5 6 4
9ec611cc2c219acb 2 3 1
9ec9f045d36deeed 4 4 3
9eca650f962285e2 5 1 4
9ecc2d0e41fb22ac 7 1 6
9ed428f24320bae8 1 3 0
9f195738442e2a36 6 6 5
9f1b9e31dc8cab8b 3 7 2
9f23db7afd64a2ea 1 4 2
9f278e3663e98e16 2 0 1
9f49b2e95a9d37c3 5 2 4
9f57ec7553a02d33 5 1 4
9f67c5b41cca26b7 3 6 2
9f767e49076df138 6 6 5
9fe6e875d2b32d34 1 2 0
9fed4860dd44b5f9 0 0 1
a018d57e90df3ba3 0 3 0
a02e24aa523515fa 1 3 0
a049d8c2189a5c61 2 5 3
a05265d6baf2b824 1 2 0
a07a3f3c7f7d8b45 2 5 1
a08c88cc3f7dfa45 3 5 2
a08ef987eea9beaa 3 5 2
a0c2f5b7fd29b483 1 5 0
a0d5ec7a5019a826 0 4 0
a0ea16ddc16b7f0c 4 4 3
a102606d794cdb96 3 6 2
a136d185f6f18ecb 1 4 0
a14599b08ce56a41 5 3 4
a15881ceda335fd7 3 0 2
a15f1b2320fe9d0c 3 2 4
a1643821208fad08 6 3 5
a171de7074b42d79 1 5 0
a1740d50374a30cd 0 3 1
a174821123adb9a3 1 6 0
a1af2e714bf4acf1 2 3 1
a1b27adc79ded598 3 4 4
a1b7998a95112bb1 0 3 1
a1b9fadbcc57d08b 4 5 3
a1c3c7c1c2b2765e 0 2 1
a1e1c50cab06c6c2 5 4 4
a1edcd4fab9a56b8 2 2 3
a233c1e029a0e9c7 5 5 4
a24c2306c347875e 2 1 1
a2586474873bb8fa 3 2 4
a25c74e45cb049f6 3 3 2
a29c767a9658f62b 1 5 2
a2c88d062a692b7d 5 4 4
a30539b3c6ac13be 1 5 0
a305500b85214221 3 3 2
a30c811ff60f7417 1 5 1
a312464d0f3533af 1 0 0
a340f052a135c972 2 7 1
a34f05acff7775f1 3 1 2
a366dbc33f850448 1 3 0
a3711c8e2e9169ca 0 4 0
a3a5c4ac1c4a5d5b 1 4 0
a3b8a3fb51debeff 0 3 1
a3bfb619933e710c 1 4 2
a3e143078c668df2 5 6 4
a3f126e4cff720e1 3 3 4
a40874142e4c670b 2 0 1
a43ddbb1d6e3b002 4 4 4
a43f5a1ae9f983b1 2 6 3
a440e15660f02b36 2 3 1
a456c541abda492e 3 4 2
a458e9f99dcfc5b9 4 5 3
a47aefaa8769e032 3 3 2
a4992970611e94ee 1 3 2
a4cc0fa320248802 1 5 0
a4d860f8d22254ad 4 2 3
a4e0ea72da6cb84d 1 1 2
a4e1d79ab4a7739a 6 3 5
a4e6ff1e1700c15c 0 1 1
a4f6f560c4c8bae1 0 4 1
a51b348adf16cf8d 5 5 4
a5200a48ea39d99f 1 5 0
a5475d6d210a6157 4 4 3
a54902222a0f34e8 1 4 2
a56ea10068fcfb40 2 0 3
a57a76c1ba4ba64d 0 4 0
a597b84105eb4de7 0 3 1
a59ef2bcb983a1ee 1 2 0
a5f77a226753d001 5 6 4
a6156ce550768356 1 5 2
a62b6db058a0680e 2 3 1
a671452205125283 3 3 4
a676769747640d28 1 2 0
a67c0c1dfddf89fd 1 3 0
a680825c3c3e4c41 3 5 4
a688973ad4b59dfd 1 3 2
a69f6278bbd959bd 3 3 2
a6a19b07a93cfda1 0 2 1
a6b4063c7e7732af 1 3 0
a6daf183cb1987e2 2 2 3
a6e443a2d2b1d7a0 2 2 2
a70812a4bc07ec25 3 1 2
a70d8d813c2bf9f8 4 6 3
a70ea643fda26cc6 0 5 1
a7111c40f54edbf0 0 3 1
a716611075b80fd1 5 1 4
a74eaf07eb885d79 6 6 5
a750c2b5b9cb97ad 0 2 1
a75154194765605a 3 7 3
a75a129f67123dd7 5 6 6
a75cab730444444b 4 1 3
a7605ec92eb7fda6 0 0 1
a76f587bb1965fbc 3 1 4
a776b5fe8265b72d 1 5 0
a777537e4739f30e 0 2 1
a77c131f61a7d65e 5 6 4
a7a34cd3a356d751 6 6 7
a7aae9e1ba5dda07 4 5 3
a7b91cd832e509fc 0 3 0
a7bb44319102c07a 3 5 2
a7bdd754a22779ae 6 3 7
a7cc7bcf092c51a0 7 2 6
a7cf3f8eee83ca54 3 1 4
a8076d2ff9ceac38 7 3 7
a8101ce9eff90530 1 3 2
a81aac8855c44950 4 7 3
a820987fbb4ebea4 4 2 3
a830b8d02b21f3b2 3 2 2
a83fec922017ce1a 1 4 0
a842a74621e876cc 0 3 1
a8637ea889f1ff2b 5 3 4
a8a3f1345f91a596 2 1 1
a8a8f2409e96e089 2 4 3
a8bba34ac2ea5c65 1 2 2
a8c93c2c16ae8490 0 5 1
a8c97832a4944c17 4 0 3
a8f77e7a0d4575e8 2 3 2
a905235b2e82fa21 1 7 0
a923fb060a2664b4 4 7 3
a92a2fe5815a0146 1 5 0
a94f2c62134a29b8 3 6 2
a953813eb379ff4f 1 7 0
a9665ddb1d2a89bf 6 5 7
a96b788ad2de49ae 1 6 0
a9783facbb780bca 0 4 0
a983466bf79b79d6 5 1 4
a989ddcd04c220c3 2 3 1
a9afa7a3e463ed6a 1 5 0
a9afcb3d90b35c0f 3 3 4
a9b8ef6d26aaadd3 3 4 2
a9bb2bba1764b392 0 2 1
a9bece82fe41433d 4 2 4
a9d3476b18cb9da6 2 3 1
a9f4bf510e689ef9 2 6 1
aa00c6204c0b5fee 3 1 2
aa0428dd8a5c7ff2 0 7 1
aa12cf46cbff5165 6 1 5
aa1305ac95cb9450 2 5 1
aa2f57fe7da86778 1 2 0
aa47aff54591e352 1 2 1
aa69c8076d1416f8 2 2 3
aa7b1f19759bb741 0 5 1
aa86be982dd56237 3 1 2
aa870d73d4ae4894 5 1 4
aa888fcf56b17e2a 2 7 3
aa8ba0d0cdf15d45 2 2 3
aa9ce4e1fe15f9cb 3 6 2
aaa0980d1e4d255c 0 2 1
aaa37288bae0d697 1 5 0
aab435f003a775b5 1 4 2
aab9b99f1a0a3a2b 4 5 3
aad0a0e57bd27b21 3 3 2
aae088b344181b5a 2 6 1
aae2c830c61e327a 4 2 3
aaef728961fbc5fb 1 4 2
aaf3f11ec422cdac 0 0 1
ab015fed9d5803fe 0 2 1
ab145fc833244619 0 7 1
ab1eedfec1136701 0 4 1
ab21e3d44d39b255 1 4 1
ab29d0c2ee5b14ca 1 4 1
ab4936950a9a0d25 4 6 3
ab52d08ff3991104 1 1 0
ab5354a7fd3567da 1 6 0
ab844f6820fa3369 4 2 3
ab88cad29e80529e 0 3 1
aba480f5426d39ed 0 2 1
abb22c1a9bcda462 0 0 1
abbe82a1e5bb480c 3 1 2
abc75f5e43e7a7e3 7 1 6
abcc4b1d2666323d 4 3 3
abd3859fbc15dfe5 3 3 2
abf4010a116ea70b 3 2 2
ac34ac471bfe8dc3 0 5 1
ac4caba8b8704a94 1 1 0
ac4ed78581931c68 1 0 2
ac71737c7dae7388 1 4 0
ac761f50dade12cd 5 3 6
ac768d1f56eecff5 1 2 0
ac96184cbbce9902 1 3 0
ac97654af0346c9f 3 4 2
acdc20c9522ec2c1 4 6 3
ad07a199e13bf029 2 3 1
ad2a4da0b8b0472c 1 4 0
ad30fda37cad870e 2 3 1
ad32b660cdeb545c 0 3 1
ad567b97e5041377 1 5 0
ad5902238601ccb9 2 5 2
ad5924f178ef0129 1 6 0
ad6267acb9355535 6 2 5
ad7125a34dffff85 4 4 4
ad8727902c8d6c8c 0 3 1
ad8cfec5715773af 6 6 7
ad98ba94f2ce0e21 0 5 1
ada7e5c72edf90d8 4 1 5
adc371883d669c7c 6 5 5
adccd4063fc6bd1e 7 6 6
adddcd5d434e2edf 4 4 3
ade94a45ac8516af 1 5 0
adf4fba8ab65cdb3 0 4 1
adf8704a8d4ce1c1 5 6 6
ae1358cfb9d3c1dc 5 6 4
ae3322d6ed693789 4 1 3
ae3386ee2802d497 4 5 3
ae510059725f5f5c 2 2 1
ae683aa18a85d821 0 4 1
ae75ab3986fcf9a4 4 4 5
ae772abea4c64862 6 6 5
ae839def9b9dc3e7 3 3 2
ae890da5c3d2b48b 2 5 2
ae8d4c2a19d984db 4 2 5
aea923602060ba5d 0 4 1
aeb7bdc2a397d94d 1 2 0
aec217b4b358ee4d 0 0 1
aecb5edfc05726a1 3 3 2
aecc291aa16f15c0 4 3 4
aef8d12698d05b7f 6 1 5
af3504db909bbe95 1 5 0
af38e5c99326e27e 0 4 1
af3a8c059cc65eb5 1 6 0
af51e290f27ac48e 3 7 4
af55b96027b7bd76 1 5 2
af83ef62a7e8bfce 4 6 3
af9915510c67f93d 0 4 1
afa0970049160822 1 2 0
afa0d1e76d49df60 2 6 1
afa2264e3340a930 2 2 1
afa354ea786c7c0d 3 1 2
afbbfb61509bbb0f 0 7 1
afcbb4f4089a66a0 1 5 2
aff8a36aef6d0139 0 3 1
b03a59528e5a141f 1 5 0
b03f81cc20c65930 0 3 1
b0587543996f8d4b 3 3 4
b06bb07429da15cc 3 3 2
b06e5d5ac6b54a84 0 4 1
b06edde3672586ff 1 5 0
b07dff1b0aefbcb9 1 4 2
b08b5e48a9f92c0d 4 1 3
b0a1f9074a6f372a 2 4 1
b0ad49819de995c1 2 5 1
b0b581508dbc6daf 4 2 4
b104d7039e416a5f 4 5 3
b11d92b1fbd5f402 1 2 2
b1205d5e5d639c75 0 4 0
b128be18fccaaca6 3 1 4
b1295177d75a060c 0 3 1
b1329913e5ddc22a 0 5 1
b134e5ae98265363 1 5 2
b152a609d6e86086 0 4 1
b1663e51f60fe661 7 6 6
b16ed4e1457c1585 1 7 0
b172fc3818bde8de 2 2 1
b175146e0e39a04c 4 5 3
b17bbb6bc2a4e4e1 1 2 2
b18a3879d99e3cf1 2 4 1
b190f38e7d1a2480 2 5 1
b19417f5284e5a27 2 2 1
b1a7e5c21985265d 1 6 0
b1ca2a523c501906 5 1 4
b1d7ba375d8a9d4c 1 1 0
b1e0df3edacbfde3 5 4 4
b1f03083ab6a440d 4 1 3
b20476386d41ce64 0 3 1
b2296c7bb4596c24 2 2 1
b22acd7665f4acff 2 4 1
b22c35b09f4f02e9 3 5 2
b234b34617a5762f 2 1 3
b25eac7c5321860d 2 6 1
b26dc072abd99f48 1 3 0
b280f06a25acf647 0 5 1
b2b36456f8fe222a 4 0 3
b2c374a2add1d74a 7 4 6
b2d2a5c0dcb93421 5 3 4
b2d5fc46ea6ab852 0 3 0
b2e127e7f6a5bfce 3 2 2
b2fe97e4015da62a 0 3 1
b328052158915c0a 3 3 4
b32c81030b6edd8a 4 3 4
b334078b00565159 6 3 6
b348040edbb8c7b4 0 4 1
b35ef6cd01c55106 3 3 4
b380fb98eae67566 5 1 6
b3986632a32cda55 2 7 1
b3a50e4ced1a6da0 2 3 1
b3a904ae0c038555 4 1 3
b3b5629c8c8c7ed5 2 3 3
b3cbc913f429b000 5 6 4
b3d8034e9da1826b 1 1 0
b3dce956eb48c878 1 7 2
b3e58b92c262a09d 5 5 4
b3e5f8c3827cc70c 1 3 2
b3f1a8300268a3d8 1 2 0
b4046e23fde8aaa7 1 4 2
b4128edd3389ea61 6 1 5
b4171a6c86f3e704 4 6 3
b43ffb32945b9949 2 7 1
b4408c48a3246b58 1 3 0
b47d88c058204cd5 0 4 1
b49a9337c191c8fe 2 6 3
b4aa9952ad627cc7 1 3 0
b4d620d533e021b1 0 3 0
b4dc574b5950a805 4 4 4
b4f6f605216f86b3 6 3 6
b4f7e6420b170e0d 7 6 6
b4f8f4c8e3d437c7 2 4 1
b501066ef995ece6 6 3 5
b53f8318a66c5b5a 7 4 6
b547ffcb5331fd07 0 3 1
b5608b68645947cb 3 4 3
b5677cd663d7f145 2 1 1
b56b619a6f4492cb 1 5 1
b59d61489e490d9f 5 7 4
b59ec43f6cad619a 0 7 1
b5a0107e256cc964 3 3 4
b5a3ca92063614b6 2 1 1
b5a41c5ee6177749 7 1 6
b5a5cdd67f36a836 3 1 2
b5b6041b76feb98b 1 7 0
b5bc705be18dc530 1 2 0
b5d0e4712379376c 1 3 1
b5d37ed66a6200e6 5 2 6
b5d6105fc57da80a 4 7 3
b5e2be3c61ab4fd1 0 3 0
b5e5c6ac43660d42 5 5 4
b5eb4fcd21eaba80 1 3 0
b5f08566d9ed7706 5 5 4
b5fa5266b956e886 0 6 1
b61a0d4ee1db5577 4 2 3
b62933bb5b187be9 1 4 0
b6324304e71d3b2d 0 5 1
b63d97bb059d458b 0 4 1
b6488edf81e0db7a 4 1 3
b648b29273061641 1 3 0
b65708812d7851d5 0 2 0
b679637fbf83d9d0 0 5 0
b6803a9e4f163de3 5 4 6
b6a72d893b420d2c 6 5 5
b6a79c26155aafe5 0 5 0
b6ab703444d78d8f 1 3 1
b6b0cfc496f7fac6 2 5 1
b6cb306d51243a30 1 4 0
b6cec1949464e282 1 2 0
b6d6d84d271e4792 3 6 2
b6ee271a4d429fb0 4 3 3
b6f3184ccc56313e 3 3 2
b6f871709069ff24 0 5 0
b6fffbcbf7d4e64a 0 7 1
b7139a53c533dec0 0 3 1
b733ae8b3bfe04de 4 1 3
b73a72cfd9dce478 6 3 5
b740540382de4cb5 2 6 1
b7491bd6f83fd77a 2 5 1
b7761c393c2dfe61 1 3 0
b77a63eab8c46b6c 0 1 1
b788e868f73800d8 1 2 0
b793681d14e4ae45 3 3 2
b7a50056c4af0188 5 6 6
b7ad3ee86ce2cdbe 0 2 0
b7b515ff65595d0d 3 3 4
b7de0acf5a0a0dbb 2 4 1
b819d20203f1e63e 3 7 2
b8208cdb93e73803 1 4 0
b8241075916b41ba 2 6 1
b839fdaf9fefe4de 0 3 0
b83ffc919ca2954d 2 1 1
b842a9c5a68fbe67 2 7 1
b86ae4db00c25a59 4 1 3
b879dcb209c75bc6 2 1 1
b899efd09ca1b1a7 0 4 0
b8b44c0c395c6b9f 1 3 0
b8b51831dfaa67b8 6 1 7
b8bd46e45df5e706 4 1 3
b8ccd2f14260bb7f 5 0 4
b90cac79ebac1323 1 1 0
b913967e3c5d24a3 5 2 6
b91c37193cd67943 2 5 1
b9260ebcf3cd92c9 4 0 3
b939dcef4834901e 0 4 1
b963f954c1fb6ccf 2 4 3
b966fd9eeff7eb54 6 0 5
b9675a29f9ee4642 1 7 0
b98722419159e804 3 6 2
b98e39ac57259ec4 3 5 3
b9c24b4448e449cb 1 6 0
b9cf5ffcfa9a9660 1 4 0
ba1cd0bb01a5cc3b 5 6 4
ba31224f9af237f1 1 5 0
ba393c460481970a 0 4 1
ba3fe4682b2807cc 1 1 0
ba4402843cbda1a2 1 1 0
ba4eabf931d1af58 0 3 1
ba744d98a0c9ac50 0 4 0
ba8b892eb5c7858f 0 5 1
ba8eb3e1e57dff53 3 0 2
ba92a5ad7e21e11f 0 4 0
baac5937bd72aef0 1 2 2
bab94b9d3f8db13d 1 3 2
babc00a770dae638 3 4 3
baddc5bc756b8775 1 4 2
bb00e096cdd3d567 0 2 1
bb3812ad4b741568 4 6 3
bb39da6e12014436 1 3 1
bb3f97c5b43da121 4 2 4
bb4f811967c0c774 3 5 3
bb74923c6bf1c42c 5 6 4
bb75e56c393ce61b 1 4 0
bb805aa4e4138020 3 0 4
bb9100eaf67a30a0 3 2 2
bbb7001d9e82176b 2 1 1
bbd755576b4df576 1 3 2
bbd8d71c34ae4dbd 0 6 1
bbe0bf3d216fd535 2 7 3
bbe4966dd4da28a5 4 3 4
bbfec5baff9e28c8 2 6 1
bc09dca8acbd5568 0 4 1
bc0dfd5fbbaece1d 7 6 6
bc1847df888bf503 1 7 0
bc1f928f67f6aea5 3 4 4
bc2818c2a2b2f082 0 4 0
bc32e83c505ec605 3 1 2
bc60495bce7ae64e 5 4 5
bc648228d973c4ef 4 4 3
bc6c434a1856aa11 3 5 2
bc7790f7d68c8466 0 3 0
bc7fabe0fef9f40d 0 4 1
bcc7f2754bd9bd39 0 3 1
bce911de06dfd9ad 0 5 1
bcfa71fb6668cce1 3 4 4
bd2496c3bc87e0c9 0 3 1
bd39fa481d03db04 4 3 5
bd74ccf109112a6d 3 3 4
bdaf8d79d8469b01 0 4 1
bdcb31740f19cbae 2 6 1
bdd1bd8a78d504ad 0 4 1
be03788eaa159066 2 3 3
be0b9e55476f9057 1 5 0
be3e9c832981d2bb 0 3 1
be437f1c4b82269b 0 0 1
be4a11b7ebe8881d 6 5 5
be648551622730ed 0 2 1
be6948b895c19ca4 6 4 7
be6ca47e525b6992 1 2 0
be70ce13a4631383 3 4 2
be9918a8a82764b8 2 6 3
bebcb8f58a8f0f71 0 1 1
bec982db7f5d137c 4 1 3
bedb1aa74e90067d 2 3 1
bee851dfa2e8480b 6 6 5
bee8b02996502306 5 3 6
beeea2f135f8aa0b 1 5 0
bf2a333c992ea407 2 2 1
bf3e1e6886d4eaa3 2 3 3
bf5334db881312a5 0 2 1
bf56d2a308f56859 2 3 1
bf5c60b954f48006 1 4 0
bf94fafe8c382be9 6 6 5
bf9c4479af508ff3 0 2 1
bfb77b53f659f336 5 1 4
bfbc866c7a0686b6 5 4 4
bfc0ec774d95a8db 0 6 1
c00971dbc9d688a5 3 2 2
c00a093dd5970a1f 1 4 0
c010a81a88892d28 2 2 2
c011cb890ded75b7 1 4 0
c03b7f80539966e9 5 1 4
c04c57d7de8d9147 1 6 0
c0575958bcf03599 4 5 5
c05994adf51db8fd 2 4 3
c0684a4f5379dd5a 2 0 2
c06c31f5ae8086d4 1 3 2
c06fce9c82692fe8 2 3 3
c0a1e9e2409757ae 5 6 6
c0aa3c897f6f8d7d 5 3 4
c0ab4cd90f71f0cd 0 2 1
c0d99316b73c780d 2 0 1
c0dc84e28e307558 4 3 3
c0e77eb246ba7b73 5 2 4
c0eca07c95892471 0 4 1
c0ecce6817e33594 0 4 0
c0f2ec0a82293593 2 6 1
c0fd2e11cbe2f7bc 1 1 0
c11663a8975d19d6 6 5 5
c117e659f1058eda 0 5 1
c11839f44d29f42a 0 4 1
c130bf6895d63955 0 5 0
c1a618905bd69f25 3 7 2
c1be6e692608369b 1 1 0
c1e45d833cdfda93 1 4 0
c1f150739471ca8d 0 4 1
c2013245d29a361d 3 3 3
c20c4a3f5e20c805 5 2 4
c212e831abcb8c67 5 1 4
c23c7a8ddea7e1cb 4 0 5
c243e1333e4cef5f 2 1 1
c2506a836ec73f51 3 2 2
c266a47de6169392 5 0 5
c26a4b84ab72ebec 1 2 1
c2716352464976fe 3 6 2
c2a0b1016292604a 4 6 3
c2ba6cbde5052dc1 0 4 1
c2c009a792815989 4 6 3
c2c43bdb974bc0c9 2 4 3
c2d32f9cccbf75c3 5 3 4
c2dd58d66ca24ce5 5 4 6
c334712dac37bc82 1 4 0
c34b469534611815 4 1 3
c362225002899507 1 5 0
c372c7963554da2f 4 3 5
c37cafa4b325beba 2 4 3
c385f15c1330b52a 2 3 3
c3898e32e7944ab5 4 2 3
c3a9118064b467b7 2 1 1
c3b92bc18eaa449c 2 3 2
c3cb628562123654 1 4 1
c3fb942441bfe684 1 0 2
c405942ee6775401 4 4 4
c41d88355a137082 0 3 1
c44c6162f4846b21 2 5 3
c44f2ecad1fd592b 2 5 1
c45ec08e8f1ce01b 3 1 2
c465236357063323 6 5 7
c48bf2a1f33a4d6d 2 0 1
c4abfe9bff708ee3 3 3 3
c4be2256a0924471 0 6 1
c4cb101b5bde89f5 2 1 3
c4fc06e9fd7f320b 5 1 4
c51ba2ea3f1efd7f 2 7 2
c57557bbda7abd58 6 2 5
c5888356e43fde5e 3 6 2
c5c4580d5db4e774 0 4 1
c5c6e5ef721f1c6f 5 5 4
c5fb3594d68f520e 0 2 1
c6313c4500e22a99 2 6 1
c6594487f1e593df 3 6 2
c665ee398a464f25 2 6 1
c66681aca7a2e01f 5 2 4
c6ad8c205068dc92 3 2 4
c6c9e3878e53b4f8 3 4 3
c6dcb15a3f741b16 3 1 4
c6dfc9861eaca86e 2 1 1
c71bd7f3f99ca42b 1 1 0
c730fd3e96c0ccd3 7 1 6
c7331306e744af0b 0 7 1
c7491d7ecfe4ecbf 1 5 0
c749a2f405ad5fe1 4 2 3
c7534e6de71ad60b 1 6 0
c771851bededb0ce 1 0 2
c77900cd201e342b 4 6 3
c78e8509cddbdf20 3 3 2
c7ad71070a6f9832 3 2 2
c7b747fd1a610805 6 5 5
c7b8c9bdfdbd070f 3 5 3
c7d7b508684b15f4 4 6 3
c7e7227c43306be9 6 4 6
c7fad7bb48d99c02 1 7 0
c808fe713ca14625 1 3 2
c8232f27a8b1345a 4 5 5
c8278cbf60798f90 1 6 0
c83fb1ac2f2b34b0 6 5 5
c843ae2afd86c98b 1 5 0
c84e315b2b85aef5 2 4 3
c88511b4e1dd6f3d 1 6 0
c888c46139f10d26 4 6 3
c898a292465802e3 1 6 0
c8acb8a281db9f87 4 3 4
c8c495e2cd5f99c9 0 5 1
c8cea13c732beae2 2 5 1
c8f185e80426a02e 4 3 3
c9399d2051a99d6e 0 4 0
c9418a7a38b4027e 3 2 2
c948be5cfb9fa139 0 3 1
c9515a8b7a263ebd 6 1 5
c962369e26163f02 0 4 1
c965bb95c3e985fd 0 5 1
c9744f1a3697ca88 5 3 4
c97ad18799535f71 5 3 4
c984c4d0d6144185 3 3 4
c99e9d3589b997ed 5 4 6
c99f4b78a29d1282 1 2 0
c99fc2de01a36db2 1 5 1
c9bac58964f88e82 1 3 2
c9bf0af5113e614f 0 4 1
ca0b0d888232bc69 0 4 0
ca286791d7cd5880 0 5 1
ca8948f8a0109b2b 2 4 3
ca9831100ec75916 6 5 6
caadead94ef6219e 2 4 3
caaf2a959a8795ef 5 7 6
cab130011b89f627 3 3 3
cab1c15cbdfdf1a5 0 2 1
cabeee751d45d344 1 1 0
cae8282cabed4412 0 3 1
cb0543b9e209ec81 1 6 0
cb0723251c6e22e9 3 6 2
cb167774a6e8d031 3 7 2
cb25851ebece3656 0 3 1
cb46f7401f8b6369 0 3 1
cb58777318da020f 3 4 3
cb6a3c049b564759 3 5 4
cb6b30f0fbb9ba5a 4 1 3
cb88297bd8809a5d 2 3 2
cb9fc0aaed099bc9 1 5 1
cba6a415194d10a7 1 2 2
cbafb5235decf0ff 1 5 0
cbccf4c84f0da410 2 1 1
cbcff65cb0d3b25d 5 4 4
cbe7bcdb6c126861 0 4 1
cbf05bc319e107cf 4 5 3
cbf1af2de8622fd0 2 2 2
cbf69be47b62ac79 4 5 3
cc16e203b00aa21d 2 1 1
cc1bb1be27bdcdf8 4 2 3
cc2521f4d0cadea0 2 6 1
cc2763c508e1bd1f 4 3 4
cc27f98132e6abeb 1 5 2
cc3f849e7e16a34a 1 5 1
cc4ba648eda27daf 3 6 2
cc67da5d0a050ade 4 7 5
cc70dfa71e5b4284 5 6 4
cc76a9c6b239eedf 1 3 0
cc7c2e4a10e50bb1 0 2 1
cca053b5bccc4ff1 4 1 3
ccaae10730b9169f 6 5 5
ccc15abac0b1169c 3 5 2
cce40def8ba27a40 3 2 2
ccec8389b0d8759f 3 3 4
ccfa3187fc9eccd0 1 3 0
cd14b3de9d99460d 1 4 1
cd1fe7d4b2547f9d 5 6 4
cd4635784dcdc029 1 2 0
cd6965f50473cf41 1 4 0
cd728e030c461f1f 0 5 1
cd7fd3995195da89 0 2 1
cd977e5616ff7e26 2 7 3
cda19da168d979dc 5 2 4
cdb635408a9a7f13 2 0 1
cdb73de99414c0a6 4 4 4
cdcdb6646506b8bd 4 2 3
cddc62e127a92e41 0 3 1
ce0059213799271f 0 4 0
ce07a132114f2fe1 1 0 0
ce2a8bc9f2baa177 1 3 0
ce2eb5659cb32530 5 1 4
ce51feec19b22989 0 3 1
ce85a0f5046fe532 3 5 3
ceba3ceaf10d8515 0 3 0
cef04065b1304917 4 6 5
cf262999ff0dd18c 0 3 0
cf3010e953160a59 7 2 6
cf41a3149ab6b3ff 2 6 1
cf502c633dd4068c 1 5 2
cf6bcf4828b004b9 4 5 5
cf6dffe76325b24a 1 4 2
cf71e569f0e4ac39 4 2 3
cf79451a084d6c01 2 3 3
cf7d67a242158272 1 2 0
cf8dbd4e0a06f406 2 4 3
cf92d4a390d4874e 2 1 1
cfa1391e2ba28def 3 3 2
cfb8215830c6c25f 1 3 2
cfb8e7bd056baceb 0 3 0
cfb94135634e488b 3 6 2
d015dc408fa7d0ee 0 4 1
d01d052ad463ccbb 2 1 1
d01f12ddf92c9edb 5 1 4
d02d5e74f7d211d7 4 4 3
d035d38fabf3c4eb 0 7 1
d0446ae393ceeb37 1 3 2
d04e5ae3567656b1 2 4 2
d066d8178564a532 4 3 5
d078af42f8b4dff9 1 5 0
d090f4df6ffa6521 1 5 2
d0bd360fd5b6ea3f 4 1 3
d0c1b793eb477b79 0 5 0
d0ce4cf4149d2bdb 4 2 5
d10f10915ed70ca5 1 2 2
d11bf652b3d56b66 2 1 1
d11d6958824e9b20 1 2 2
d11dae8bdab5e0ff 1 4 2
d121ff233b9ff43b 0 4 1
d15f5e3db960f2c8 1 1 0
d1687b2e77b9fd97 3 1 2
d169119d8292dc57 4 3 4
d16e6261a1a1e47e 1 3 1
d1717e0b885b1a5f 2 3 1
d176f668922cbafc 2 7 3
d17758b4b199ab11 0 4 1
d18eebc76197e6a4 0 7 1
d1b2c17c7a0548c8 2 5 2
d1c8d0ebac5a7a1c 3 4 4
d1e9716d2d7780fa 2 3 2
d20e036d04ef32e5 3 1 2
d20eb94f7d4bdf97 2 1 1
d2139be0442fd8d2 4 3 3
d25b65dbc873cabd 0 4 0
d268e4008da1d2c8 3 2 2
d2783afdfba6f8a3 1 4 0
d27973c8a1cee6f1 5 6 6
d28055d0d692b76b 1 7 2
d28cf9d8b02f1341 2 5 2
d294a0352889d6a1 1 3 2
d29b0a7f6fce5995 4 0 3
d2c328253dd3dd7a 4 2 3
d2df35fcf8d9a6f6 0 2 0
d2f29c20f43a5708 1 6 2
d31f567b95a885a5 1 2 0
d32a5f438aff0afc 1 2 1
d38b4a65c4acec0a 2 3 3
d39ff357fa23e59a 1 2 2
d3a942bdebe3cb1b 2 2 1
d3b097ce6abeac5c 0 2 1
d3bf3dee049ee8c1 2 5 1
d3d730ded6ab8087 4 6 3
d3df84599856d6db 1 7 2
d3e55ec47f78415b 3 3 4
d4034048007ec09c 0 3 0
d4140b0877ec9715 2 6 1
d4838c2b94dcd25e 2 1 1
d488598b775d44da 5 4 6
d48c8df4f532b234 6 2 5
d4962e44d104f57e 4 4 3
d497966e49abb6f6 3 6 2
d4a3ca6cc603cff7 0 2 0
d4b9d153a7a0bd64 2 3 3
d4d109ec67c2ea16 6 1 5
d4e78686441c15af 6 6 5
d4e96398ff9ad8c8 1 4 2
d4ebad7d913f0927 4 5 5
d501e66808ac097c 3 1 2
d511d12904c3ac3c 1 3 2
d5149f22d77512ef 6 6 5
d53cd2835482d804 4 3 5
d586d5cc3f6b9327 0 3 1
d58c45325b711b6c 1 2 1
d598f230f95288db 1 1 0
d59f934fe0cc2d48 4 7 3
d5b10cef7f0c948f 1 4 2
d5b317fb61641f68 1 5 0
d5b50f7a1e96b51a 2 1 1
d5b9ddeebc314791 1 4 0
d5c66ccc3d59f3d4 5 6 4
d5d7555ab8baf1f2 1 1 0
d5dcf7e3d94290ae 3 5 2
d5de3f21194d6177 1 1 0
d5edcbceb9e48caf 1 5 0
d5f254e5da43a081 1 0 0
d5f39ba9729d9888 0 0 1
d6631f3049455e81 2 0 1
d669e26a99fe70df 1 5 0
d680e690b68bd420 3 2 4
d6932ad08b61a1c6 1 2 0
d6b6710b1f43e1d3 3 1 2
d6b84206e94e1693 1 4 1
d6bdc0454fd16069 6 5 5
d6c1d44e930753e9 4 1 3
d6d7ba967434cf6f 5 1 4
d6e845b1b4f72c6a 1 4 0
d70ba9d0ffbae4e8 1 4 0
d7307f53f123c94c 2 5 1
d738d56204ca3329 6 3 5
d73c7a84882600a7 1 6 2
d755bef1cb80808c 0 3 1
d76c2e2ad0695323 5 5 4
d7966ca8e137842b 3 7 2
d79c88b73d5f35d7 6 2 5
d79cb9232b4d77e9 5 2 6
d7bffe0b4ed1cb11 0 5 1
d7c47f03abea3a4d 0 7 1
d7cd92e0e2392ff7 4 3 4
d7f494f70836b9be 1 3 1
d7fee2111ceed096 1 3 0
d80a0cd508578fb4 5 2 4
d80b4eb67d8e80d9 1 2 0
d8183b62932361cd 3 1 2
d82886794a0ea941 6 3 5
d82d2e15fab92dd8 2 4 3
d83d2b2dad07287c 1 2 0
d86908c949b6a5f3 3 2 2
d86c0a24afcc678d 4 6 3
d873de4908728faf 0 3 0
d87ea2d13dc0a425 3 3 3
d8979ec8b6cec57b 1 3 2
d8ba0433bc6c8d97 6 1 5
d8d4c6cc27159e0e 6 1 7
d92438728a7ac65c 2 6 1
d9509012fbccdbac 3 5 2
d9529267bb6e9fe6 1 4 1
d96e46f6addc906d 2 3 3
d99dc4d36ac6f662 0 0 1
d9aa39fdebd361ca 1 4 2
d9ab2617f136c228 0 5 1
d9b927e8100081f7 6 2 7
d9c04bc3777c7b9b 2 5 1
d9d89faaa3509c35 1 3 2
d9eca599d680aa41 1 3 2
da2d249be4cacdb4 2 5 1
da38ef08a712d8e6 2 3 3
da3d3112fc1539b5 1 6 0
da642b678a5672a1 0 4 1
da6a4d0886bd0d54 2 3 2
da77e50c29b2a357 1 5 0
da7f392d5ee9d94b 1 4 2
da8af1f0ed4a17ed 6 5 6
da963fafb00b2a25 1 4 2
da9957073f163b4c 4 1 3
da9f79602cd1fc93 3 2 2
da9fea9c02ff361e 2 5 1
daa8e7960e5d821b 4 4 5
daab46a8919bceab 0 3 0
dab41c5d27272cc2 1 4 2
db19cf29eb3e1b02 2 5 2
db2adfd276325165 4 5 3
db2bb2cabbb7b8bb 6 5 7
db30d5363ec90dc4 5 4 4
db587b3731625ab1 2 0 3
db59ebf612b880fd 0 2 1
db856ec819eb44a7 5 5 4
db85b3ea9c7433aa 2 3 1
dba529e80e7b8817 0 4 1
dbb8ddeac414600e 1 0 0
dbc3302c11ebea5a 3 2 2
dbc650304124445e 4 5 5
dbd01ac231034f93 3 0 4
dbdd1a434d6375ce 1 3 0
dbde40eda8ab1fac 0 3 0
dbef8fef398800e7 3 3 2
dbf0cf648fe7123b 1 6 0
dbfd938b30375d70 2 4 1
dc0edbf1d9a9fb04 5 2 4
dc22b502e3f03faf 4 3 5
dc590967a3da3b74 4 5 3
dc78ce06958fb12f 0 4 1
dcb33f3f98f778c4 4 5 5
dcd7c1768240d308 6 4 6
dcd80c19f77c25fc 4 4 3
dcfcbe9cb81f5537 4 2 3
dd28c6abdaadb76d 3 5 4
dd38d3abbd8f13ee 3 1 2
dd525e3663d4ca6d 1 5 1
dd57764420076b16 0 5 1
dd7fff2186a9ba31 2 4 1
dd9d7b53c7824fbb 3 6 2
dd9e1334ec723842 1 5 0
ddbf774ae21ef7c4 7 6 6
ddc2cf172d104a16 3 3 3
ddd3f87595ae4ac5 3 4 3
ddea76da81c8775b 5 3 4
ddf3354e74de23e8 3 0 4
de03207b293084ee 1 7 2
de0ba2136ca06ddf 3 2 2
de13616def0c41f9 5 5 4
de34411b5151ff63 0 5 1
de3772accc6ad91f 4 2 3
de4971342fdfad31 2 6 1
de5603ae2ef0a1ec 3 1 4
de6cfc395bb2ba2c 1 2 0
de7701fd466f138c 7 3 6
de8708964e703405 3 3 2
ded259a5943ab3ac 1 3 0
dedc33f05b0222ea 5 1 4
dee265449e4e05a6 0 4 1
df001f1d20e31a42 0 2 1
df10a2b48f236c30 5 2 6
df16ef655137840c 5 4 5
df19c44c3c0b562b 7 5 6
df1d368edccc881c 0 3 0
df2db0aef0290c8f 1 0 0
df40397633097eac 0 5 0
df421dfb9ec4c8dc 2 3 1
df46072b7852000e 2 2 2
df46e9032586bb52 6 0 5
df49f87bce08577f 5 5 6
df5136ee3af2c110 2 5 3
df54abc6d84607ec 2 4 3
df602bf8fe79574c 1 4 0
df6ac072f68b03ab 2 0 3
df791fb663bc5c77 3 2 2
df7a719f5fafd88e 0 5 1
df7da72a43f552db 3 4 3
df840a6d416916b3 1 1 0
df845f173f3cad3e 0 5 1
df891439682bf6da 1 4 2
df8960c19f671b4b 2 5 1
df942293a155ad4a 3 2 2
dfab8559d3ddeb44 4 5 5
dfae7fcca646df41 0 4 1
dfdaa6031f4e575c 3 3 3
dfe033e7a2e9b289 0 6 1
dfedb61e662a310d 3 1 2
dffe2d2ccd1a8d19 3 3 3
e004b374b965eeef 3 2 2
e039018703b53e2a 3 6 4
e047135f485ba374 4 2 3
e0521ed15d91d214 7 5 6
e05be343363c1a8e 3 6 4
e061180a925b8dd4 2 5 1
e0640578e3d675bb 4 5 3
e0767522c1e26b02 3 2 4
e0959595fa212531 1 7 2
e0c99954b91f6d36 5 5 4
e0f217882276ba48 4 1 3
e0febe244c7ee037 2 3 1
e107d6be5499591c 3 7 2
e13281b4ef1ae459 2 5 1
e136444fd682a2ed 1 6 0
e138c64cee3c7f37 4 1 3
e1427e3dc49f90b9 3 5 2
e14400d6e2caae16 2 5 2
e1462f016d5c1720 1 3 2
e153a76575ea85c1 2 3 3
e1656542a574cbf1 4 3 5
e1768eb218061a52 5 2 4
e19878c08df138d1 3 2 2
e19ef28bc5b15311 3 4 4
e1b567eac5397402 0 3 1
e1c3743a29fbdb64 1 2 0
e1d62a9f72e18594 0 4 1
e1f8b705606b20fa 3 4 4
e20404fcbe3f873f 2 2 3
e20d681038b3b4f3 1 4 2
e22bb47b8924cb66 0 3 1
e23272477a9e0c43 1 5 0
e2619ba2034c5bcf 5 4 5
e26b94a90ad7ffa7 4 1 5
e27b979722087dd7 1 3 1
e2941e48fcace205 5 5 4
e29f159372b440eb 1 3 1
e2a62e11da7d4d14 0 4 1
e2b35c90153a936a 1 5 0
e30d268296e6b108 5 4 4
e312e29148331437 3 3 4
e3376093a63e1e3c 2 3 1
e343b907147db37b 3 4 4
e359bb7fad4e8d2f 3 3 2
e35f343979c23b38 0 7 1
e364afdda80b9c97 2 1 1
e36802364e162d23 1 4 0
e3684deb82c9d59e 3 3 4
e393e8cf55024082 1 7 0
e395314d0b6f7c54 0 4 1
e39910bfa7d47910 1 3 0
e3aace8e9809d13d 2 4 3
e3b7326e7aea15e9 1 7 2
e3bc214db6257bed 0 7 1
e3ca5294410d6d97 5 4 4
e3caaea5438582e9 1 6 0
e3ccf9e2ae9582e1 7 2 7
e3dc8fc522b05907 0 4 0
e3dee788e1b50416 1 4 0
e3dfc2b3ef82b453 1 0 0
e419362f3fee8625 2 2 1
e41dfa574dcb9408 2 2 1
e44b17d1ca4fffd6 1 2 0
e45dd00321a3ad0e 3 7 2
e47aaeac28db84ac 5 5 5
e481f233a8294cff 1 3 2
e491928d783d2740 3 3 4
e495ffeb9dafaaee 0 5 0
e4c21fd9466d6228 2 2 1
e4c995d06e6b5f43 1 4 2
e4e29d7122a33d23 1 3 2
e4e447d790c0df54 1 4 1
e503cc6930ca7d0f 1 6 0
e508b0c15a35f8dc 4 5 3
e52fedba388cc9b6 4 2 3
e5423e177f497762 3 2 4
e54a7498d33f6327 5 1 4
e54d52eb64868c86 2 5 1
e57b057a49e92aa7 6 5 5
e58292441e45f3f2 0 0 0
e588099d44575c90 4 2 3
e593894a64cb348d 2 4 1
e59c49a86cc04aac 1 5 2
e5aa4dfea72fffb5 1 3 0
e5c3ee2457071bc5 3 5 2
e5e50f282fe28c47 0 3 1
e5fdeb0730c324d4 2 2 3
e6147620ed72ea72 6 1 5
e618ea15d8d1511e 0 3 1
e61e485081209c61 4 1 3
e61f59289dff9cbd 4 1 3
e62cb0c933879ab6 2 1 1
e62f0012fd3cbc9a 4 2 3
e63a78a5574d1c46 1 3 1
e63babac3a3cd693 0 4 0
e641a82c2b4ee635 4 6 3
e65e09fc89b230a9 3 3 4
e6656cf6337f27f9 4 7 3
e68ff9bef735699c 1 1 0
e69172122bcb7a1d 4 6 3
e6a6bd591a19b2e4 3 3 2
e6b7054e7c7d7211 1 3 2
e6c674624afe2f85 4 1 3
e6df02735a7cf5cf 4 2 5
e6f10ea99841ec23 2 2 1
e6f22063ca88925c 6 6 5
e6fce5bba6d1649f 6 1 6
e6ff0989202dfb19 1 7 2
e70844a5f93ba581 3 3 2
e721c17a25eaeab5 1 4 1
e7297f386f36b7bb 1 3 1
e72c513690aaf838 0 4 1
e734225262967227 2 1 1
e75b887098f0adda 1 3 1
e78ee5e5d3b371ab 5 4 4
e7aecb339e2f1557 1 7 0
e7b7d4e555386c61 1 3 0
e7bcb89676dbde49 3 3 4
e7bfd41f575a385c 5 1 4
e7cc9ef7f522e8e4 1 2 0
e7d631743dc11b1e 3 1 2
e7d6704af447f259 3 6 2
e7f9aad762b0af4c 1 2 0
e7fe0be9ea4647b8 4 1 5
e867579c70a05474 3 4 4
e87057476f6a1552 1 4 2
e8ab0cfc5ef4a9e5 5 0 5
e8c5fc56d8b82c11 0 3 1
e8d039304a5d5fd7 1 2 2
e8df2930d16173d8 0 4 1
e8ed45bfa7cc4459 6 1 5
e92c8907b753a726 2 6 1
e92f4b8e2d70637c 3 3 2
e9322a56d36d798a 6 5 5
e93516a8de55b5a8 4 1 5
e94f269652ba652c 1 2 0
e9760bc244712e27 0 3 1
e97fedd49063a1ba 5 5 4
e9a93be83a212d47 4 2 5
e9ae4130e56e5b62 5 3 4
e9b3e6c3034ca624 4 3 3
e9ba6593839209ce 1 4 1
e9bbaee2c12e11c8 0 4 1
ea024f70099378ca 4 6 5
ea03a19b8d5ddadc 0 7 1
ea0d40e09ce5a7bf 3 5 2
ea185b6a97ca4c2f 1 2 2
ea374f8e7188d425 5 2 4
ea3dd57171e2faf9 1 6 0
ea8b55a11933212e 0 4 1
ea971853b6dc0cfc 2 5 1
eaa56558357fd101 4 5 3
eaa7bf0231606de3 1 1 0
ead5e5f6e69717a0 3 1 2
eaed8d2eb55769a6 4 2 3
eaefb02f109fbab1 5 5 6
eb04f33b19d02f7a 4 6 3
eb1ad2e46e5d43c3 1 2 2
eb1c130cb733edf3 5 5 4
eb29285fa414570e 2 0 1
eb5176f4f29abe4c 0 3 0
eb53a26722f37e31 2 0 3
eb657457ab27586c 2 5 1
eb6826e5106361f2 1 1 0
eb7388a63be49ec5 0 4 0
eb78bbdd84e06972 5 5 4
eb82116f0501d192 0 5 0
eb8a7b5442c1b69f 0 4 1
eb91b9aaf5a1c91c 3 1 4
ebad9023570133f0 4 1 3
ebbea53a55d36210 5 5 4
ebe8c790917005d9 1 5 0
ebeb366685a12755 1 5 0
ebed4a31c4e5d236 3 1 2
ebf63c9dd62dfe09 1 1 0
ec2d95779dd2879d 1 4 2
ec36ffa074a1e196 4 5 3
ec60ea48b60927f1 2 7 3
ec626ee7eb3a2da1 0 4 1
ec7b97f31a7b4949 1 2 2
ec7c3ede0cce780f 1 5 2
ec92171674fa2b90 3 7 2
eca2d5233ffcfa2f 4 6 5
ecd04a9d041aaf89 1 2 0
ecdd9dfd5ce0b3cd 2 1 3
ed125057398021bc 5 3 6
ed67fd57efd3959a 4 1 3
ed769d050ea4115a 5 2 4
ed8a8f6d84a9ea69 6 2 5
edc20f1a30b8f0b4 0 7 1
edc841840c25f32c 1 1 0
edde4ca03d22dd45 4 6 3
eddedc5a43ecd392 1 6 0
ede306a4447605fd 3 5 2
edfc1822ea224d27 4 4 3
ee0421598165ebeb 5 6 4
ee1d894e31c3b30a 2 6 1
ee288926129d25a1 4 6 3
ee73fcb0e7851ebe 0 4 1
ee7bedf7c31eac4f 4 3 3
ee92a52572afb5ce 4 6 3
eea0d982566b348b 3 6 4
eebc2857fc0df63a 0 3 1
eec02c633e3f3d6c 6 5 5
ef03aaf7011557fc 1 3 2
ef18a318e11bbc6b 0 5 1
ef2388e5399f0f43 3 3 4
ef515c377088409c 3 6 2
ef5511ea2576ca54 3 1 2
ef656f4c25a9257b 1 6 0
ef8700a8c543b987 0 4 0
ef8ee5a0698effdc 3 5 2
ef9313f09832e6ab 1 0 0
ef9e69aab9c1dfbb 0 4 1
ef9fed49bab6321b 2 3 1
efa595c41a427aa1 1 6 0
efacaadaf780990f 1 5 0
efb06ea89afa6aa6 4 2 5
efb335617d99e815 1 3 0
efd4de4674e67a24 4 5 3
f018b8e43cf64ed6 7 5 6
f019de0546778a4d 3 4 4
f03b5ae353f95307 0 5 0
f05e4469cdd933ed 1 2 0
f07abf93cf7ac7ed 2 5 1
f0850ba3ea9906e1 1 5 0
f09df25bb12c33b1 4 3 3
f0a00bf592e5f0f1 2 4 1
f0cf554b57f395c4 1 4 0
f0d842e998b75fed 2 4 3
f10e638e25a16f8e 3 2 2
f15a1ad790f282e7 0 3 0
f15be62d4d6f90ac 1 5 1
f166d7c3a26e5392 0 0 1
f16b119184cd4d8e 5 4 5
f175029b964ef2ae 4 6 3
f19ed456a61df905 0 2 1
f1d6715fffb7bd74 3 7 2
f1f04e1f5727336d 0 3 0
f1f1a486890f53d7 1 7 0
f1fa4a42196331ec 4 2 3
f1fc1ac9cd993ce8 6 4 5
f20dca0dfdb62c47 4 4 3
f217ea164ede5bb7 1 3 0
f2280ec3d3a99b6e 0 4 0
f22946e51b0a78f0 3 4 2
f22b9a81196d4dbf 0 3 1
f22cf7fe4188ed0f 0 1 1
f2335384661368e5 2 5 1
f242d3edf78c0a9b 3 5 2
f24e19ec65ae48a0 4 3 3
f25600f537ff1fe9 5 4 4
f25ac136980fae4c 0 3 1
f28736c422f1cdcf 1 3 0
f288787f763343a2 5 2 6
f2a1d99ab9acadd6 2 1 1
f2cf88dd9291b07b 3 4 4
f2d3df2904936e25 3 3 3
f2db0430af57de7a 3 2 3
f2ddc1d53e527282 7 4 6
f2e502cc5681d5b8 4 6 3
f2e518bd1def8979 4 6 4
f2e74a7a126dd83e 3 4 4
f2f40dd693fe5ba4 3 6 2
f2f7c3fb19d2ae46 1 4 2
f2fa4f4e206ce0d4 3 2 4
f33556b481e70504 6 5 5
f337e6442af4307e 7 3 7
f349d39ee32d1aaf 3 4 4
f34b2d20da1f1d87 6 1 5
f35e98462a98f0f0 2 4 3
f362c373cffa6ff3 0 3 1
f36fc989ce3aad17 6 4 7
f37e83ee9c105853 4 6 3
f37fd6888acf0234 0 4 1
f38af4c8a506db82 3 1 2
f38cae88b8a312c8 4 4 4
f391b395d9060c14 2 3 3
f3a41894330fb642 4 2 4
f3ada899be1812fa 2 6 1
f3f2857a51bf8aa0 1 5 0
f3f499f3c08f4a19 4 5 3
f41b351f35272c7b 5 2 4
f43a048356584d50 4 6 3
f44401be2298d8a0 0 3 0
f466caab10e4ce3f 0 3 0
f46e3919797e6b76 6 4 6
f49a42269dd99a63 2 6 1
f49a85009b4c4a40 0 0 1
f4bbd776d2f9304e 0 2 1
f4c1d120c0a4e429 2 4 2
f4c833cbbde1a7cb 1 5 0
f4db7b917f6f6187 0 3 0
f519150b964adf7f 1 0 0
f52f1fe92931cdad 1 3 0
f53002350aacdf64 3 4 4
f536b475b3267c4e 4 2 3
f538e136b7a094f6 1 3 0
f5543fe07e5398b9 5 6 4
f555a310d4a74369 5 6 4
f58628035ee9aec1 4 5 5
f5bc10ab223e0b93 3 1 2
f5d0ac04d074e527 2 1 1
f5e94e534459a6f2 0 5 1
f5f27bba26ea701f 1 3 0
f606bad30275d520 0 4 0
f6106af61d9199ba 1 4 0
f613e64f02422d69 3 4 2
f625860b2741ba18 2 6 3
f62d4f3db0e9d420 3 5 2
f6342ca14d76beec 1 4 0
f6749e287f2ff2c1 1 0 0
f67a638922a2c612 2 2 3
f683cb7ab84276c7 4 3 3
f6c35823e7fdf6fd 6 1 5
f6f43eb5b8781d53 1 6 0
f7005c0289063e43 0 4 1
f700c3e4185b7a0e 0 2 1
f7202d8c92abce14 1 4 0
f7209f3a68f3b893 5 6 4
f7297577b132f8f7 4 5 5
f72d53a3279f5e56 7 6 6
f7356d222a03a730 3 5 3
f73d7b2d0e8b6015 1 3 2
f74009ad252064a7 4 5 3
f7511db7f31da004 0 1 1
f75ec2c977c8ab35 1 5 2
f77ed370a91bcc93 0 4 1
f7819501f7514b4a 0 3 0
f793c1088d31f677 0 6 1
f7953b26d227d7fb 6 3 7
f7c444db1f8ffc5c 1 2 0
f7d212593e4b1232 4 5 3
f7f584c041678e53 0 5 1
f7fa938c7d6f1177 0 4 0
f7fb729a43782b40 3 2 2
f81a9abee0c77c19 0 4 1
f820138a3d13bbad 3 1 4
f84800cd39266476 5 5 6
f84989b13cdb3b87 3 2 2
f84b2e2886dc0956 4 3 3
f86da135f5b3a686 3 5 2
f88e3bc45f1a0dc5 3 4 2
f8ade42ac3d308af 1 4 2
f8ca5fd6bebd76f5 2 1 1
f8d2b395475cc302 1 2 0
f8d84152d3b3d6dc 0 2 1
f8ec4dd46c54dbd2 3 3 4
f8f4c7890a62a942 2 2 1
f9269b364d15c4df 4 6 3
f97af52710f94a1f 3 6 2
f980d32f46326ee0 1 6 0
f98c48c8db166d57 0 1 1
f99388df0a156684 3 6 2
f99cc0777cabc656 0 5 1
f9abed42f0f5cfa0 3 1 2
f9b069ba7f31dc9b 1 3 0
f9e7e4dc85f2900b 0 4 1
fa09d73e36c0b70a 2 7 1
fa18397a00157794 6 5 5
fa1a6aed19f3eca9 1 3 1
fa57002392b7f83e 2 5 1
fa57edb9d421b50c 4 2 5
fa5917f799a62e2b 1 3 0
fa73d5cf0920d5a2 1 1 2
fa776c034597c128 2 0 3
fa7797fe255beb6c 0 3 1
fa7bf2bbee883217 4 5 5
fa870cd24743bd13 1 5 0
fa965833c9f24efc 3 7 2
faae3bd2e8fa408f 5 1 4
faf021e26491cecd 4 4 3
fb10cb77a8540bd2 2 6 1
fb151d9122f18d02 0 4 1
fb167bfe4ad966ba 1 4 2
fb54d2f97f26dc2d 0 3 1
fb575609ffedcf81 5 4 5
fb59c889f2a84453 3 6 2
fb90222a15074c41 0 4 1
fba60f3e7611de8d 2 2 1
fbaaf5b201972d1a 2 3 1
fbb6a84e3e3266e1 3 3 4
fbd74a051eb7684a 1 6 2
fbeacae03e54efbd 0 2 1
fbfa81c45f876a26 2 6 1
fc087219d55f257c 0 7 1
fc0fcdf1ad081f1d 0 3 1
fc10fc89c16cd78d 2 2 1
fc22bbfccc258808 3 1 2
fc5807d809d956c6 2 7 3
fc5d72025173b698 1 5 0
fc876110541d6a00 0 2 1
fc964d0689007e4c 2 3 1
fc9db0dc5bbfe2fc 4 2 3
fcb4274e8ee1d3a7 4 1 3
fcbc5c5106f80571 1 5 0
fcecc06e9d54974f 0 3 1
fcfc6e665abe8a70 0 7 1
fd189183be501b64 3 6 4
fd373682e17cce6b 0 4 1
fd46709899b880c7 3 5 2
fd76879425c9ce61 1 4 0
fd7a485d005eace4 1 4 0
fd7e2ff4c5340f7f 3 6 2
fd9288b9284542fb 1 1 0
fd959df0203a3878 1 4 2
fdad997b39cb6408 3 4 4
fdca86b8faeec192 2 6 1
fdea421549d34a9e 1 6 0
fe02ad0d40afa02a 1 3 0
fe1e23ad00f0d912 0 5 1
fe200597c13d3c5d 6 6 5
fe217636cbda4568 2 3 1
fe25a8958253f243 7 6 6
fe3153d647279a7a 1 3 2
fe5687add58f15c0 2 5 1
fe5cd3e8ee729c19 2 0 3
fe72ff65891402c6 0 4 1
fe7415da168491e2 1 2 0
fe786f5fd648423b 1 5 0
fe7ab7e20b0fbfac 4 1 3
fe855cfdbc7a6e4e 3 3 2
feae41628e7770b7 1 5 1
febc12643a84ce21 0 4 0
fecefd8be1269b54 5 2 4
fed1354b26ae0bf8 6 1 5
fed43b1a25b955b6 4 1 3
fee1097db76767f0 2 7 3
feee0714cdabf0ec 0 3 1
fefb11c86c573320 2 6 1
feff203bfa2cd243 5 2 6
ff02d2db08157af7 1 6 0
ff0d7f51cc044cc7 3 3 4
ff16ef97c35c616e 3 3 4
ff1a0e326961d92e 4 1 3
ff2943f870fe6a58 2 1 1
ff31ae5af291f9a7 4 4 3
ff3a8985cfd5de32 3 4 2
ff4ad28bfe396ff9 4 2 3
ff5e7c98472b3e3f 3 5 4
ff698036c5f64312 4 5 3
ff7420902882000e 0 2 1
ff78421708cedca0 0 5 1
ff95e0758f7e513e 2 4 1
ff9740ab38d81fcb 1 5 2
ffaac8e152781b24 6 6 5
ffb477c65fe9aef2 0 2 1
ffcc26b43a0c09df 5 0 4
ffd51080784156ed 4 4 4
ffdbd50cdb02b980 7 1 6
ffe4a6a85e56084b 5 4 6
fff5888009ba48a6 2 2 1
