# Breakthrough ML model
type=linear
head=value
feature_version=1
feature_count=30
out_scale=900
bias=0.53675
w0=4.02188
w1=1.19313
w2=-2.84451
w3=1.30283
w4=0.291345
w5=0.529078
w6=0.624204
w7=-1.69416
w8=0.823341
w9=0.666245
w10=-0.0131581
w11=0.012157
w12=-0.425049
w13=-1.81907
w14=-1.37073
w15=-0.947338
w16=-0.887059
w17=-0.649729
w18=0.282266
w19=1.74321
w20=-0.227186
w21=0.85933
w22=-0.924872
w23=1.61407
w24=-1.04164
w25=0.366149
w26=0.324226
w27=0.0158394
w28=-0.235929
w29=0.18173
