# Breakthrough ML model
teacher=replay:data/replay_scaling_4000.jsonl
type=linear
head=value
feature_version=2
feature_count=129
out_scale=900
bias=-0.00272013
w0=0.369852
w1=1.13747
w2=1.1328
w3=1.10134
w4=0.2201
w5=0.489605
w6=0.903874
w7=0.183265
w8=0.40142
w9=0.249142
w10=0.576484
w11=0.680011
w12=0.23005
w13=0.863968
w14=0.490187
w15=0.308776
w16=0.0547386
w17=0.459541
w18=0.185337
w19=-0.217545
w20=0.307477
w21=0.219578
w22=0.269773
w23=-0.132806
w24=0.702599
w25=0.686441
w26=0.392673
w27=0.0221406
w28=0.199735
w29=-0.0862057
w30=0.488115
w31=0.204015
w32=0.85957
w33=1.06309
w34=0.452408
w35=1.13415
w36=0.616268
w37=0.144896
w38=0.544724
w39=0.976094
w40=1.50177
w41=1.43557
w42=0.555438
w43=0.975252
w44=0.404756
w45=0.267564
w46=0.553318
w47=0.555402
w48=2.14527
w49=1.23375
w50=1.31593
w51=1.71758
w52=1.42678
w53=0.628758
w54=1.22958
w55=1.49055
w56=-0.0395138
w57=0.0471404
w58=0.00664846
w59=-0.0357845
w60=0.0497833
w61=-0.0313837
w62=-0.0155232
w63=-0.0271172
w64=-0.0095172
w65=-0.0330866
w66=-0.0331202
w67=-0.0216269
w68=-0.0378079
w69=0.0483825
w70=0.049292
w71=0.000895718
w72=-2.40556
w73=-1.63779
w74=-1.4754
w75=-1.50401
w76=-1.41007
w77=-0.892429
w78=-0.807423
w79=-1.53412
w80=-1.54224
w81=-1.45136
w82=-1.20342
w83=-1.44323
w84=-0.617777
w85=-0.726774
w86=-0.875973
w87=-0.9915
w88=-1.1705
w89=-1.01521
w90=-0.511683
w91=-0.774874
w92=-0.456833
w93=-0.182367
w94=-0.291522
w95=-0.145984
w96=-0.864503
w97=-0.843732
w98=-0.555517
w99=-0.478701
w100=-0.185099
w101=-0.332857
w102=-0.315677
w103=-0.236353
w104=-0.734328
w105=-0.513739
w106=-0.610922
w107=-0.233341
w108=-0.31651
w109=0.167987
w110=-0.339651
w111=-0.196136
w112=-0.0866048
w113=-0.444066
w114=-0.650789
w115=-0.497174
w116=-0.438968
w117=-0.948582
w118=-0.569714
w119=-0.546668
w120=-0.488614
w121=-0.853438
w122=-1.04516
w123=-0.862853
w124=-0.987235
w125=-0.0825537
w126=-0.701694
w127=-0.244954
w128=0.309593
